-,-,-
-217, 450, 159
-945, 1083, -498
-1836, 1946, -938
-1998, 1997, -1257
-1998, 1997, -1364
-1564, 436, -369
-1058, -745, 417
-781, -1626, 1261
-510, -1955, 1964
-81, -1998, 1998
251, -1998, 1998
363, -1998, 1998
353, -1998, 1998
390, -1992, 1981
418, -1787, 1789
455, -1540, 1526
459, -1290, 1249
457, -1162, 979
432, -1151, 861
432, -1151, 861
352, -1386, 701
150, -1853, 515
-158, -1998, 197
-525, -1998, 306
-870, -1998, 838
-1019, -1998, 859
-1179, -1998, 513
-1529, -1986, 307
-1942, -798, 693
-1998, 1179, 1213
-1998, 1997, 1661
-1998, 1997, 1998
-1320, 1997, 1483
-256, 1182, 1222
301, 579, 913
301, 579, 913
460, 199, 871
383, -24, 932
256, -110, 1054
118, -66, 1149
3, -21, 1200
3, -21, 1200
-87, 63, 1192
-42, -31, 1056
118, -62, 1034
216, -41, 868
261, -77, 805
261, -77, 805
242, -131, 903
-,-,-
-1042, 740, -684
-1993, 1969, -1291
-1998, 1997, -1524
-1998, 1997, -1663
-1998, 930, -1307
-1737, -1878, 306
-589, -1998, 1719
-423, -1998, 1998
-311, -1998, 1998
-124, -1998, 1998
197, -1998, 1998
642, -1998, 1998
906, -1742, 1905
829, -1251, 1595
676, -1041, 1325
507, -891, 1148
368, -765, 917
254, -728, 827
154, -903, 745
86, -1305, 523
-205, -1731, 441
-433, -1998, 448
-535, -1998, 571
-598, -1998, 569
-746, -1998, 658
-979, -1934, 892
-1211, -1070, 1508
-1879, 506, 1845
-1998, 1969, 1545
-1998, 1997, 1677
-1963, 1997, 1323
-883, 1439, 1235
104, 391, 1251
363, 33, 1020
335, -98, 821
335, -98, 821
246, -173, 1024
163, -238, 1106
62, -160, 1206
4, -31, 1112
0, 55, 939
0, 55, 939
105, -9, 839
175, -90, 847
206, -123, 883
228, -167, 889
228, -167, 889
230, -203, 884
217, -200, 887
175, -156, 885
125, -115, 901
124, -109, 936
138, -108, 929
169, -103, 932
169, -103, 932
-,-,-
-491, 423, 339
-491, 423, 339
-1341, 1096, -74
-1991, 1959, -577
-1998, 1997, -1233
-1998, 1997, -1566
-1596, -1538, 299
-363, -1998, 1896
142, -1998, 1998
129, -1998, 1998
149, -1998, 1998
304, -1998, 1998
498, -1893, 1998
627, -1670, 1777
611, -1317, 1437
498, -999, 1084
385, -803, 901
385, -803, 901
284, -764, 762
177, -903, 714
25, -1192, 623
-132, -1677, 423
-330, -1998, 240
-521, -1998, 370
-712, -1998, 505
-947, -1998, 637
-1204, -1923, 745
-1569, -917, 1038
-1756, 582, 1508
-1963, 1613, 1832
-1998, 1997, 1998
-1949, 1997, 1998
-1331, 1985, 1969
-552, 1432, 1633
100, 578, 1357
492, 22, 1114
519, -130, 882
321, -127, 795
166, -162, 944
110, -137, 985
110, -137, 985
109, -128, 965
147, -158, 971
119, -57, 879
126, -48, 838
131, -57, 822
164, -102, 835
164, -102, 835
180, -138, 884
168, -142, 934
-,-,-
451, 52, 431
83, 230, 130
-495, 739, -62
-1311, 1676, -500
-1956, 1997, -780
-1998, 1997, -868
-1971, 1843, -658
-1489, 545, 135
-849, -850, 1036
-193, -1852, 1902
323, -1998, 1998
277, -1998, 1998
294, -1998, 1998
400, -1951, 1998
403, -1680, 1851
245, -1570, 1541
143, -1696, 1487
157, -1787, 1431
204, -1739, 1230
294, -1869, 888
116, -1943, 677
-154, -1998, 700
-570, -1998, 755
-967, -1998, 841
-1142, -1998, 864
-1375, -1814, 925
-1430, -566, 840
-1395, 1039, 983
-1668, 1950, 1309
-1998, 1997, 1952
-1748, 1997, 1904
-1066, 1655, 1849
-417, 739, 1598
61, 202, 1027
335, -153, 816
404, -360, 727
404, -360, 727
274, -317, 787
163, -271, 936
135, -260, 994
129, -206, 977
129, -113, 913
137, -29, 841
157, -4, 822
157, -4, 822
145, 5, 851
115, 14, 876
97, 4, 887
-,-,-
-354, 698, -69
-1335, 1668, -448
-1998, 1997, -725
-1998, 1997, -778
-1998, 1916, -878
-1667, -244, -148
-159, -1962, 1079
843, -1998, 1891
1045, -1998, 1998
778, -1998, 1998
375, -1998, 1998
240, -1982, 1998
287, -1648, 1998
312, -1363, 1728
325, -1127, 1373
328, -970, 1163
378, -913, 1037
381, -999, 973
373, -1365, 904
270, -1859, 842
270, -1859, 842
0, -1998, 880
-427, -1998, 931
-796, -1998, 844
-999, -1998, 741
-1148, -1857, 591
-1273, -466, 702
-1464, 1019, 981
-1772, 1979, 1441
-1998, 1997, 1980
-1873, 1997, 1996
-1069, 1823, 1988
-255, 909, 1634
225, 348, 1161
447, 3, 883
432, -185, 743
228, -177, 844
84, -92, 904
68, -92, 944
68, -78, 944
119, -91, 973
109, 1, 915
87, 71, 903
87, 71, 903
81, 102, 883
101, 95, 889
-,-,-
-592, 639, 13
-1211, 1533, -279
-1916, 1997, -875
-1998, 1997, -1253
-1998, 1950, -1357
-1827, 322, -859
-771, -1573, 496
143, -1998, 1787
550, -1998, 1998
317, -1998, 1998
193, -1998, 1998
273, -1998, 1998
448, -1962, 1994
376, -1578, 1722
163, -1293, 1345
119, -1345, 1113
285, -1604, 890
211, -1990, 629
64, -1998, 651
-390, -1998, 1021
-903, -1998, 1116
-1043, -1998, 1100
-1000, -1390, 931
-1119, 320, 1056
-1726, 1939, 1129
-1998, 1997, 1417
-1932, 1997, 1738
-929, 1932, 1566
133, 999, 1128
582, 227, 847
604, -246, 869
424, -453, 944
424, -453, 944
278, -536, 1100
194, -485, 1116
132, -274, 1002
93, -88, 845
93, -11, 780
145, -30, 759
145, -30, 759
180, -61, 810
176, -78, 907
151, -88, 923
131, -77, 970
137, -125, 1004
158, -165, 1022
158, -165, 1025
166, -186, 1025
174, -186, 1015
189, -188, 1030
208, -183, 1065
211, -165, 1095
197, -129, 1162
-,-,-
-804, 869, -191
-1577, 1737, -634
-1998, 1997, -951
-1998, 1997, -1478
-1998, 1915, -1692
-1864, 169, -987
-767, -1878, 534
41, -1998, 1924
-71, -1998, 1998
-638, -1998, 1998
-781, -1998, 1998
-373, -1998, 1998
363, -1700, 1612
363, -1700, 1177
411, -1440, 1177
473, -1216, 918
496, -1048, 820
447, -935, 807
288, -854, 826
46, -959, 730
-249, -1158, 657
-511, -1509, 560
-710, -1929, 533
-944, -1998, 559
-1130, -1998, 441
-1195, -1998, 487
-1324, -1861, 711
-1468, -944, 886
-1213, 520, 825
-1181, 1723, 905
-1185, 1997, 1367
-1397, 1997, 1948
-1047, 1997, 1998
-274, 1414, 1965
274, 481, 1502
478, -87, 1121
434, -455, 1017
258, -544, 1027
30, -437, 1055
-91, -354, 1072
-114, -285, 1096
-122, -240, 1068
-95, -132, 1010
-95, -132, 1010
-28, -90, 940
33, -94, 923
-,-,-
-424, 357, 44
-424, 357, 44
-1183, 663, -360
-1875, 1506, -715
-1998, 1997, -1013
-1998, 1997, -1029
-1605, 205, 4
-1605, 205, 4
-825, -1534, 1423
89, -1998, 1998
329, -1998, 1998
-64, -1998, 1998
-257, -1998, 1998
-143, -1998, 1998
58, -1998, 1998
111, -1743, 1837
181, -1327, 1450
261, -1022, 1047
272, -760, 958
230, -691, 879
98, -850, 887
-122, -1179, 804
-316, -1630, 794
-584, -1979, 683
-745, -1998, 206
-804, -1996, 18
-792, -1866, 70
-835, -1583, 156
-1005, -549, 390
-925, 619, 769
-925, 619, 769
-936, 1333, 1581
-1477, 1996, 1899
-1998, 1997, 1970
-1730, 1997, 1972
-562, 925, 1957
466, -855, 1720
831, -1386, 1368
739, -1325, 1030
388, -993, 944
-80, -474, 956
-350, -70, 945
-398, 104, 851
-270, 86, 771
-113, -50, 770
4, -219, 840
4, -219, 840
31, -286, 930
-,-,-
405, -41, 365
295, 96, 330
295, 96, 330
77, 364, 153
-378, 882, -299
-1150, 1857, -913
-1982, 1997, -1390
-1998, 1997, -1253
-1998, 1997, -594
-1998, 310, 209
-1520, -1998, 1735
-81, -1998, 1998
168, -1998, 1998
155, -1998, 1998
-72, -1998, 1998
-251, -1998, 1998
-38, -1880, 1994
97, -1426, 1520
97, -1003, 993
-7, -932, 847
-2, -1379, 772
-122, -1936, 738
-382, -1998, 665
-860, -1998, 766
-1151, -1998, 760
-1211, -1998, 413
-1151, -1481, 5
-942, 132, 202
-728, 1769, 1423
-1370, 1997, 1998
-1662, 1997, 1998
-1730, 1933, 1998
-1505, 1202, 1971
-1092, 844, 1390
-357, 329, 748
158, -148, 458
158, -148, 458
352, -442, 485
170, -453, 630
32, -395, 726
-24, -266, 709
-13, -210, 829
-13, -220, 990
-45, -196, 1098
-42, -161, 1046
-42, -161, 1046
-42, -93, 1008
-,-,-
-310, 136, 69
-885, 481, 44
-1423, 1662, -225
-1954, 1997, -996
-1998, 1997, -1216
-1998, 1997, -1099
-1936, 354, -162
-985, -1941, 1329
-32, -1998, 1998
171, -1998, 1998
157, -1998, 1998
285, -1998, 1998
478, -1998, 1933
545, -1998, 1346
305, -1998, 727
-60, -1998, 465
-490, -1998, 414
-841, -1998, 568
-981, -1998, 686
-960, -1940, 770
-1100, -1058, 801
-1167, 978, 1541
-1808, 1989, 1996
-1998, 1997, 1998
-1567, 1995, 1998
-252, 1157, 1850
514, 340, 790
816, -393, 479
668, -753, 498
668, -753, 498
283, -708, 864
-58, -546, 1144
-198, -374, 1233
-160, -250, 978
-64, -172, 792
60, -169, 694
133, -222, 785
177, -330, 924
188, -376, 961
188, -376, 961
202, -390, 1011
199, -356, 1078
-,-,-
-331, 640, 173
-891, 1112, -71
-1675, 1708, -535
-1998, 1997, -944
-1998, 1997, -1078
-1997, 1367, -1046
-1567, -282, -278
-663, -1807, 988
159, -1998, 1989
444, -1998, 1998
206, -1998, 1998
-29, -1998, 1998
-93, -1998, 1998
-80, -1998, 1998
13, -1956, 1996
178, -1988, 1754
308, -1998, 1438
270, -1998, 1096
58, -1998, 812
-346, -1998, 597
-732, -1998, 200
-1187, -1459, -129
-1668, -143, -242
-1701, 1095, 392
-1910, 1493, 1584
-1748, 1760, 1998
-1337, 1648, 1998
-1057, 1118, 1998
-700, 531, 1998
-267, 23, 1896
75, -161, 1242
136, -165, 601
47, -328, 797
-109, -327, 871
-186, -270, 857
-196, -273, 861
-163, -300, 938
-80, -349, 992
-80, -349, 992
-,-,-
-1004, 594, -57
-1482, 1535, -593
-1965, 1997, -1430
-1998, 1997, -1862
-1997, 1619, -1560
-1681, 221, -693
-1062, -1099, 737
-248, -1971, 1867
323, -1998, 1998
0, -1998, 1998
-625, -1998, 1998
-844, -1863, 1998
-742, -1918, 1998
-644, -1998, 1998
-353, -1998, 1998
-52, -1998, 1757
51, -1998, 1206
-103, -1998, 818
-429, -1998, 475
-841, -1937, 244
-1081, -1675, -167
-1011, -1463, -410
-1087, -1100, -447
-1257, 792, -77
-1803, 1183, 1308
-1939, 1546, 1998
-1698, 1796, 1998
-1225, 1569, 1998
-548, 645, 1998
-67, -58, 1907
144, -234, 1368
144, -234, 1368
50, -93, 758
-44, -152, 631
-111, -316, 806
-154, -384, 920
-151, -357, 834
-126, -343, 808
-87, -329, 879
-100, -350, 1009
-,-,-
-262, 529, 345
-898, 740, 199
-898, 740, 199
-1550, 1213, -21
-1974, 1858, -368
-1998, 1997, -948
-1998, 1997, -1056
-1998, 1546, -819
-881, -1998, 1523
231, -1998, 1998
702, -1998, 1998
660, -1998, 1998
223, -1998, 1998
-14, -1998, 1998
-136, -1990, 1979
-278, -1520, 1638
-519, -1015, 1272
-415, -956, 1072
-216, -963, 885
-95, -1043, 612
-137, -1375, 495
-272, -1892, 398
-464, -1998, 461
-682, -1998, 415
-771, -1998, 117
-788, -1766, -223
-991, -1102, -266
-1047, 198, -45
-1228, 1232, 713
-1255, 1657, 1896
-929, 1456, 1998
-767, 900, 1998
-572, 322, 1998
-572, 322, 1998
-504, 270, 1992
-381, 277, 1576
-321, 184, 975
-146, -223, 991
-67, -298, 933
-84, -154, 783
-,-,-
-384, 353, 63
-1301, 705, -116
-1998, 1651, -126
-1998, 1997, -788
-1998, 1997, -1947
-1998, 1400, -1974
-1719, -963, -868
-524, -1998, 1084
616, -1998, 1998
1002, -1998, 1998
716, -1998, 1998
470, -1998, 1998
158, -1998, 1998
-34, -1998, 1981
-235, -1982, 1846
-183, -1932, 1550
53, -1993, 1151
117, -1998, 559
-7, -1992, 515
-207, -1979, 582
-344, -1744, 327
-437, -1413, 94
-602, -1083, 300
-855, -478, 525
-1026, 364, 686
-1032, 809, 1017
-1066, 752, 1543
-1073, 669, 1985
-1014, 688, 1998
-766, 627, 1998
-611, 622, 1951
-395, 405, 1868
-196, 182, 1467
-74, 192, 1103
-74, 192, 1103
56, 172, 732
165, 19, 593
230, -160, 575
272, -308, 683
223, -280, 668
168, -289, 780
168, -289, 780
141, -392, 1009
113, -451, 1219
-,-,-
-1384, 895, -623
-1384, 895, -623
-1981, 1785, -978
-1998, 1997, -1825
-1998, 1158, -1659
-1792, -858, -456
-964, -1990, 1129
-299, -1998, 1989
61, -1998, 1998
-42, -1998, 1998
-435, -1998, 1998
-730, -1998, 1998
-578, -1998, 1998
-404, -1998, 1998
-73, -1998, 1654
75, -1973, 1077
-41, -1911, 759
-222, -1977, 595
-458, -1998, 478
-684, -1870, 510
-735, -1434, 334
-785, -886, 210
-766, -167, 344
-786, 625, 784
-861, 1137, 1413
-842, 1322, 1947
-1082, 1325, 1998
-1397, 1436, 1998
-1256, 1090, 1914
-868, 522, 1650
-472, 129, 1362
-153, -184, 1040
-16, -276, 836
-16, -276, 836
7, -327, 724
20, -426, 754
13, -429, 851
27, -361, 863
-,-,-
377, 334, 475
377, 334, 475
2, 415, 432
-755, 548, 306
-1771, 1138, 125
-1998, 1965, -502
-1998, 1997, -1686
-1998, 1978, -1956
-1998, 483, -1106
-1647, -1676, 1067
-383, -1998, 1998
423, -1998, 1998
604, -1998, 1998
314, -1998, 1998
-112, -1998, 1998
-80, -1998, 1998
119, -1998, 1998
119, -1978, 1659
39, -1862, 1200
-41, -1892, 850
-85, -1998, 559
-74, -1998, 410
-67, -1998, 405
-187, -1998, 278
-525, -1845, 216
-851, -839, 341
-1167, 418, 887
-1813, 1641, 1825
-1998, 1997, 1998
-1890, 1988, 1998
-1488, 1466, 1998
-763, 557, 1977
-2, 106, 1538
321, -58, 693
321, -58, 693
359, -226, 618
224, -395, 848
56, -373, 989
-72, -203, 895
-128, -115, 795
-84, -139, 805
-,-,-
477, 75, 647
266, 45, 535
-240, 225, 522
-1017, 931, 315
-1856, 1935, -501
-1998, 1997, -1306
-1998, 1997, -1414
-1998, 1721, -864
-1241, -544, 236
-22, -1988, 1494
374, -1998, 1998
143, -1998, 1998
-139, -1998, 1998
-99, -1998, 1998
175, -1998, 1998
313, -1998, 1995
349, -1998, 1747
442, -1998, 1317
392, -1998, 938
38, -1998, 630
-470, -1998, 567
-736, -1998, 414
-833, -1635, 416
-657, -147, 1034
-729, 1568, 1916
-1953, 1997, 1998
-1998, 1997, 1998
-1954, 1997, 1766
-789, 1203, 1016
300, 565, 174
546, 233, -56
384, -344, 365
384, -344, 365
255, -810, 745
196, -723, 936
109, -422, 865
-14, -189, 880
-88, -81, 994
-60, -44, 1036
45, -27, 1019
45, -27, 1019
108, -33, 993
147, -65, 1019
191, -135, 1103
-,-,-
-187, 88, 572
-709, 359, -108
-1198, 1251, -941
-1532, 1995, -1965
-1921, 1997, -1997
-1895, 1997, -1824
-1175, 669, -466
-157, -1749, 1566
223, -1998, 1998
101, -1998, 1998
88, -1998, 1998
-15, -1998, 1998
11, -1998, 1998
13, -1998, 1995
-70, -1998, 1598
-296, -1998, 1163
-602, -1998, 1180
-817, -1577, 979
-790, -26, 846
-1308, 1531, 800
-1945, 1997, 1191
-1998, 1997, 856
-1628, 1997, 304
-623, 1932, 320
210, 631, 631
743, -553, 1048
731, -881, 1285
429, -704, 1251
137, -350, 1132
-27, -39, 1031
-112, 156, 953
-135, 246, 937
-135, 246, 937
-52, 229, 952
86, 65, 1017
150, 12, 1000
156, 21, 1021
132, 55, 1019
132, 55, 1019
128, 101, 1024
132, 146, 1019
-,-,-
-222, 208, 281
-1005, 710, 12
-1877, 1598, -513
-1998, 1997, -1430
-1998, 1997, -1737
-1998, 1896, -1553
-1586, -81, -315
-256, -1885, 1302
933, -1998, 1998
485, -1998, 1998
485, -1998, 1998
-122, -1998, 1998
-191, -1998, 1998
118, -1998, 1891
127, -1998, 1399
-81, -1998, 1104
-668, -1849, 1139
-1193, -382, 1222
-1755, 1521, 1282
-1998, 1997, 1758
-1998, 1997, 1962
-1756, 1997, 1474
-816, 1647, 1105
-148, 677, 744
245, 321, 462
407, -58, 544
407, -58, 544
205, -288, 691
-25, -363, 1006
-126, -295, 1131
-107, -159, 1028
-66, -15, 964
-6, 92, 933
-,-,-
-721, 668, -264
-1239, 1491, -890
-1918, 1995, -1841
-1998, 1997, -1997
-1998, 1997, -1997
-1998, 1136, -1768
-1434, -1998, 1725
-1628, -1998, 1998
-1427, -1998, 1998
-1248, -1998, 1998
-1034, -1998, 1998
-874, -1833, 1998
-571, -1809, 1961
-236, -1978, 1879
-91, -1998, 1484
-184, -1998, 1131
-446, -1998, 757
-863, -1998, 644
-1179, -1998, 673
-1234, -1948, 486
-1310, -1232, 109
-1137, 306, 216
-1225, 1820, 495
-1819, 1997, 968
-1998, 1997, 1564
-1998, 1997, 1886
-1264, 1300, 1781
-148, 177, 1295
170, 121, 672
97, 143, 477
-4, 32, 694
-110, -141, 1051
-201, -174, 1280
-,-,-
-520, 356, 40
-1350, 881, -539
-1992, 1807, -1661
-1998, 1997, -1997
-1998, 1997, -1997
-1998, 669, -1997
-1998, -1941, -471
-1593, -1998, 1998
-1065, -1998, 1998
-597, -1998, 1998
-274, -1998, 1998
-84, -1998, 1998
-75, -1857, 1757
-109, -1616, 1273
-121, -1653, 1058
-246, -1767, 885
-429, -1925, 694
-578, -1998, 653
-561, -1994, 560
-442, -1797, 211
-451, -1206, -43
-751, -55, 510
-1604, 1290, 1218
-1998, 1997, 1725
-1998, 1997, 1805
-1985, 1973, 1813
-959, 969, 1509
305, -73, 1047
723, -447, 788
547, -414, 693
224, -420, 867
224, -420, 867
-85, -414, 1129
-316, -221, 1248
-410, -47, 1064
-347, -17, 944
-210, -62, 900
-76, -136, 935
17, -200, 1062
54, -230, 1223
-,-,-
-963, 1051, -271
-1940, 1948, -876
-1998, 1997, -1610
-1998, 1997, -1997
-1998, 1743, -1978
-1960, -1049, -773
-1158, -1998, 1536
-305, -1998, 1998
-376, -1998, 1998
-865, -1998, 1998
-829, -1998, 1998
-568, -1892, 1859
-657, -1516, 1749
-615, -1441, 1561
-540, -1480, 1380
-428, -1623, 1055
-497, -1922, 639
-706, -1998, 531
-780, -1998, 528
-774, -1998, 254
-756, -1998, -130
-890, -1884, -57
-1359, -256, 91
-1914, 1836, 618
-1998, 1997, 1839
-1998, 1997, 1998
-1444, 1858, 1998
-309, 1254, 1644
302, 734, 921
390, 274, 820
390, 274, 820
255, -41, 920
42, -53, 1029
-58, -96, 1001
-33, -297, 1081
34, -487, 1147
-5, -514, 1202
-37, -482, 1198
-37, -482, 1198
-21, -468, 1249
-,-,-
109, 358, 277
-234, 651, 28
-1069, 1160, -324
-1945, 1985, -870
-1998, 1997, -1423
-1998, 1993, -1940
-1998, 387, -1265
-1807, -1731, 692
-698, -1998, 1972
163, -1998, 1998
561, -1998, 1998
493, -1998, 1998
209, -1998, 1998
14, -1998, 1998
-112, -1998, 1901
-214, -1994, 1530
-401, -1743, 1281
-385, -1845, 1009
-157, -1998, 716
-408, -1998, 813
-821, -1998, 882
-1078, -1998, 454
-1150, -1839, -210
-1537, -671, -16
-1944, 1349, 710
-1998, 1997, 766
-1998, 1997, 1338
-1990, 1997, 1986
-1182, 1370, 1998
-165, 569, 1808
423, -78, 1387
519, -419, 1202
506, -447, 1014
506, -447, 1014
222, -164, 817
-55, -67, 864
-245, -112, 1113
-282, -153, 1206
-216, -156, 1183
-,-,-
-245, 488, 238
-791, 785, -252
-1691, 1355, -800
-1998, 1990, -1303
-1998, 1997, -1938
-1998, 1993, -1997
-1998, -98, -1345
-1273, -1998, 1260
44, -1998, 1998
723, -1998, 1998
665, -1998, 1998
299, -1998, 1998
-11, -1995, 1998
-247, -1686, 1963
-499, -1170, 1649
-585, -991, 1306
-397, -1160, 1111
-266, -1345, 1090
27, -1998, 776
27, -1998, 776
2, -1998, 657
-167, -1998, 625
-395, -1998, 508
-718, -1992, 394
-1213, -1302, 598
-1537, -42, 1269
-1786, 1010, 1877
-1989, 1994, 1995
-1998, 1997, 1993
-1707, 1996, 1997
-1009, 1412, 1887
-376, 668, 1533
128, 212, 1023
481, -229, 761
585, -472, 686
408, -410, 746
230, -296, 801
94, -200, 917
24, -149, 1041
-,-,-
-751, 743, 405
-1136, 1293, 294
-1370, 1806, -402
-1628, 1997, -1012
-1868, 1997, -1350
-1891, 1383, -1206
-1511, -200, -159
-550, -1998, 1965
-173, -1998, 1998
-223, -1998, 1998
-513, -1998, 1998
-591, -1998, 1998
-361, -1998, 1998
-199, -1998, 1950
-242, -1998, 1856
-248, -1998, 1497
-395, -1998, 1208
-553, -1998, 850
-685, -1998, 862
-943, -1727, 515
-1285, -639, 303
-1565, 455, 345
-1806, 1444, 919
-1865, 1997, 947
-1957, 1997, 1227
-1943, 1997, 1812
-1377, 1617, 1984
-563, 555, 1826
11, 88, 1417
205, -29, 1002
237, -231, 956
237, -231, 956
185, -391, 1017
49, -369, 1110
-105, -238, 1109
-197, -96, 1112
-167, -81, 1133
-73, -171, 1177
-,-,-
137, 263, 263
-62, 359, 258
-465, 550, 424
-952, 815, 459
-1473, 1386, 29
-1916, 1973, -348
-1998, 1997, -623
-1998, 1991, -831
-1998, 1116, -698
-1756, -799, -34
-815, -1979, 1142
-139, -1998, 1914
179, -1998, 1998
374, -1998, 1998
331, -1998, 1998
194, -1998, 1998
176, -1998, 1917
125, -1998, 1439
-106, -1998, 1031
-526, -1998, 696
-947, -1880, 396
-1196, -1450, 413
-1205, -610, 692
-1096, 349, 931
-1734, 1392, 1351
-1998, 1987, 1973
-1901, 1997, 1998
-1222, 1810, 1826
-582, 1288, 1362
-125, 598, 1236
18, 241, 1206
-46, 196, 1060
56, -49, 1072
39, -195, 1032
39, -195, 1032
33, -261, 1054
57, -305, 1055
32, -265, 1010
41, -208, 968
84, -179, 928
167, -202, 909
220, -247, 1011
220, -247, 1011
-,-,-
-716, 924, -53
-1071, 1243, -446
-1464, 1442, -955
-1887, 1888, -1117
-1998, 1898, -1321
-1712, 972, -1145
-1043, -704, -124
-389, -1964, 1539
-175, -1998, 1998
-345, -1998, 1998
-262, -1998, 1998
-6, -1998, 1998
269, -1998, 1885
372, -1998, 1430
28, -1998, 1116
28, -1998, 1116
-601, -1998, 763
-1079, -1998, 387
-1470, -1803, 91
-1867, -814, 189
-1742, 453, 920
-1800, 1752, 1386
-1998, 1997, 1530
-1998, 1997, 1801
-633, 1125, 1838
-34, 367, 1589
-34, 367, 1589
269, -1, 1257
332, -120, 1058
215, -109, 1006
53, -102, 1021
-97, -90, 1074
-147, -70, 1134
-,-,-
-195, 786, -50
-530, 1030, -273
-1002, 1410, -376
-1482, 1963, -590
-1908, 1997, -1075
-1998, 1968, -1197
-1998, 945, -802
-1801, -479, 259
-1232, -1573, 1152
-749, -1998, 1998
-879, -1998, 1998
-985, -1998, 1998
-826, -1998, 1998
-210, -1998, 1998
359, -1998, 1761
598, -1998, 1480
645, -1998, 1218
303, -1998, 738
-307, -1998, 174
-1067, -1998, -319
-1805, -1578, -554
-1998, -644, -324
-1998, 235, 291
-1833, 834, 1039
-1730, 1041, 1666
-1602, 1470, 1980
-1643, 1611, 1998
-1715, 1509, 1998
-1240, 1068, 1996
-721, 717, 1771
-281, 415, 1346
16, 230, 1078
-20, 238, 893
71, 61, 932
71, 61, 932
58, 55, 842
-,-,-
-569, 338, -321
-1452, 754, -705
-1998, 1754, -822
-1998, 1997, -1243
-1998, 1997, -1713
-1998, 1507, -1089
-1913, -647, 418
-1199, -1964, 1881
-621, -1998, 1998
-350, -1998, 1998
-459, -1998, 1998
-632, -1998, 1998
-620, -1998, 1998
70, -1998, 1751
70, -1998, 1751
174, -1998, 1165
-112, -1998, 729
-540, -1998, 380
-996, -1636, 163
-1328, -940, 87
-1345, -234, 890
-1284, 298, 1362
-1395, 635, 1949
-1310, 1230, 1998
-1295, 1660, 1998
-1312, 1579, 1998
-924, 1075, 1910
-371, 557, 1504
52, 299, 1028
278, 130, 763
442, -142, 881
-,-,-
-1181, 482, -393
-1181, 482, -393
-1988, 1060, -880
-1998, 1997, -1725
-1998, 1942, -1997
-1601, 500, -1432
-515, -1423, 528
80, -1998, 1936
42, -1998, 1998
-542, -1998, 1998
-1026, -1998, 1998
-772, -1998, 1998
-235, -1998, 1998
398, -1998, 1998
693, -1998, 1955
437, -1998, 1345
-290, -1998, 756
-1122, -1914, 506
-1647, -1132, 283
-1713, -449, 180
-1427, 457, 892
-1245, 1142, 1547
-1384, 1731, 1825
-1336, 1994, 1998
-1219, 1947, 1998
-943, 1606, 1978
-388, 1045, 1548
74, 546, 1065
355, 285, 731
421, 168, 545
359, 99, 531
359, 99, 531
259, 24, 616
178, -52, 776
89, -46, 885
89, -46, 885
44, -16, 982
90, -26, 1058
-,-,-
-508, 377, 263
-1249, 734, -203
-1947, 1473, -694
-1998, 1997, -1533
-1998, 1997, -1992
-1981, 1941, -1898
-1166, -120, -905
320, -1998, 979
1152, -1998, 1998
1031, -1998, 1998
284, -1998, 1998
-576, -1752, 1998
-866, -1565, 1998
-656, -1800, 1998
-353, -1871, 1902
-84, -1925, 1437
106, -1993, 1068
201, -1998, 972
215, -1998, 913
-3, -1998, 794
-282, -1998, 580
-678, -1781, 541
-1170, -891, 801
-1478, -60, 1026
-1657, 920, 1407
-1797, 1870, 1632
-1895, 1997, 1936
-1670, 1931, 1993
-1098, 1295, 1792
-423, 557, 1405
113, 46, 1036
405, -235, 726
449, -390, 690
299, -447, 782
77, -404, 972
-,-,-
-604, 549, 67
-1284, 928, -218
-1921, 1772, -637
-1998, 1997, -1319
-1998, 1997, -1464
-1998, 1419, -1274
-1728, -795, -435
-710, -1984, 1173
120, -1998, 1989
614, -1998, 1998
591, -1998, 1998
382, -1998, 1998
28, -1998, 1998
-141, -1998, 1960
-28, -1998, 1570
45, -1998, 1163
-10, -1998, 1032
-231, -1998, 716
-430, -1929, 518
-766, -1396, 370
-1163, -639, 394
-1367, -190, 819
-1169, 231, 1563
-1195, 899, 1653
-1256, 1554, 1864
-1446, 1896, 1800
-1398, 1766, 1723
-1080, 1212, 1510
-673, 802, 1285
-229, 503, 982
135, 188, 790
318, -100, 701
341, -267, 740
187, -225, 827
20, -203, 921
-50, -230, 1015
-50, -230, 1015
-40, -277, 1140
-4, -269, 1226
-,-,-
-887, 438, 180
-1766, 1111, -191
-1998, 1933, -990
-1998, 1997, -1828
-1998, 1992, -1974
-1998, 933, -1294
-1691, -592, 151
-1148, -1724, 1448
-715, -1998, 1998
-437, -1998, 1998
-512, -1998, 1998
-670, -1998, 1998
-532, -1998, 1998
-228, -1998, 1998
-17, -1998, 1998
102, -1998, 1920
132, -1998, 1516
-5, -1998, 960
-369, -1984, 641
-857, -1651, 534
-1174, -1121, 306
-1322, -650, 301
-1214, -309, 413
-1021, 59, 882
-945, 410, 1244
-1056, 945, 1549
-1203, 1348, 1911
-1233, 1331, 1998
-1032, 1029, 1998
-696, 798, 1842
-389, 627, 1557
-167, 403, 1298
1, 155, 1076
136, -28, 898
139, -50, 766
139, -50, 766
119, -52, 748
105, -123, 853
-,-,-
-185, 273, 338
-575, 188, 199
-1046, 436, 263
-1516, 1084, 262
-1855, 1558, -143
-1869, 1932, -519
-1783, 1858, -958
-1601, 1368, -948
-1324, 362, -306
-846, -1120, 941
-100, -1996, 1941
327, -1998, 1998
243, -1998, 1998
-83, -1998, 1998
-312, -1998, 1998
-456, -1998, 1998
-353, -1998, 1998
-197, -1998, 1848
-495, -1998, 1456
-675, -1957, 918
-887, -1423, 739
-976, -796, 591
-814, -74, 713
-797, 470, 869
-940, 1146, 1334
-1302, 1695, 1626
-1647, 1890, 1722
-1672, 1646, 1644
-1468, 1263, 1688
-1064, 817, 1533
-626, 375, 1299
-315, 107, 1173
-160, -40, 1072
-,-,-
-812, 651, -200
-1484, 1090, -282
-1975, 1704, -441
-1998, 1986, -813
-1998, 1604, -1082
-1852, 737, -556
-1266, -408, 603
-733, -1410, 1644
-276, -1975, 1998
21, -1998, 1998
-22, -1998, 1998
-121, -1998, 1998
-250, -1998, 1998
-300, -1998, 1959
-219, -1998, 1782
-138, -1998, 1721
-219, -1998, 1498
-85, -1998, 1404
-16, -1998, 1184
-76, -1998, 874
-347, -1998, 572
-809, -1934, 118
-1339, -1190, -180
-1740, -496, 44
-1782, 67, 740
-1803, 911, 1403
-1842, 1765, 1965
-1906, 1910, 1998
-1755, 1553, 1998
-1195, 1008, 1998
-647, 552, 1720
-173, 189, 1222
136, -55, 937
280, -207, 820
242, -241, 846
122, -201, 936
-,-,-
-760, 625, 238
-1338, 960, -53
-1894, 1666, -419
-1998, 1997, -877
-1998, 1935, -1233
-1998, 945, -1044
-1833, -303, -181
-1002, -1436, 745
577, -1998, 1998
771, -1998, 1998
522, -1998, 1998
122, -1998, 1984
122, -1998, 1984
-146, -1998, 1761
-165, -1998, 1535
-170, -1998, 1241
-185, -1998, 783
-303, -1998, 634
-511, -1998, 487
-688, -1826, 361
-926, -1460, 368
-1189, -877, 616
-1265, 120, 1075
-1373, 798, 1666
-1479, 1277, 1997
-1798, 1684, 1998
-1838, 1649, 1998
-1454, 1299, 1998
-852, 825, 1825
-355, 556, 1373
-,-,-
46, 307, -92
46, 307, -92
-442, 685, -145
-854, 1359, -146
-1127, 1990, -1158
-1798, 1997, -1982
-1998, 1997, -1969
-1998, 1894, -1452
-1998, -47, -217
-1966, -1888, 1313
-1673, -1998, 1998
-1828, -1998, 1998
-1785, -1998, 1998
-1599, -1998, 1998
-1238, -1998, 1998
-884, -1998, 1730
-782, -1998, 1067
-1031, -1998, 711
-1372, -1998, 306
-1633, -1469, 215
-1794, -429, 165
-1512, 589, 638
-1159, 1140, 1484
-1146, 1815, 1998
-1479, 1997, 1998
-1548, 1997, 1886
-1121, 1888, 1736
-503, 833, 1598
15, -68, 1427
308, -406, 1186
352, -485, 897
371, -616, 1020
-,-,-
-526, 391, -444
-1522, 804, -1146
-1998, 1851, -1654
-1998, 1997, -1997
-1998, 875, -1899
-1998, -1613, -217
-1347, -1998, 1837
-40, -1998, 1998
484, -1998, 1998
234, -1998, 1998
-341, -1998, 1998
-687, -1998, 1998
-522, -1998, 1998
-478, -1998, 1931
-678, -1998, 1337
-899, -1884, 879
-970, -1424, 576
-1164, -792, 667
-976, 96, 1069
-803, 906, 1308
-1141, 1655, 1667
-1502, 1974, 1874
-1549, 1908, 1916
-1188, 1428, 1807
-766, 944, 1756
-523, 709, 1667
-341, 515, 1339
-,-,-
-252, 530, 7
-994, 530, -522
-994, 1288, -522
-1908, 1991, -1517
-1998, 1997, -1993
-1998, 740, -957
-1454, -1368, 994
-219, -1998, 1967
477, -1998, 1998
535, -1998, 1998
301, -1998, 1998
171, -1998, 1998
161, -1998, 1998
281, -1998, 1998
286, -1998, 1897
274, -1998, 1418
66, -1998, 1134
-277, -1998, 1135
-653, -1959, 1153
-1262, -1371, 875
-1131, -443, 1243
-1214, 699, 1029
-1271, 1730, 1484
-1936, 1997, 1765
-1998, 1997, 1828
-1680, 1958, 1785
-610, 1098, 1639
273, 271, 1041
693, -44, 667
752, -82, 517
752, -82, 517
562, 20, 597
297, 89, 841
73, 192, 1032
-,-,-
-224, 809, 328
-887, 1103, -78
-1827, 1585, -563
-1998, 1994, -957
-1998, 1986, -1611
-1998, 1362, -1774
-1976, 89, -1175
-1453, -1016, -332
-670, -1928, 1097
128, -1998, 1998
694, -1998, 1998
469, -1998, 1998
0, -1998, 1998
-97, -1998, 1998
-40, -1998, 1998
103, -1998, 1986
151, -1998, 1684
80, -1998, 1265
-179, -1998, 957
-347, -1998, 766
-623, -1925, 729
-1053, -933, 863
-921, 267, 978
-703, 869, 1467
-1160, 1891, 1998
-1943, 1997, 1964
-1703, 1997, 1758
-986, 1662, 1866
-318, 759, 1826
39, 341, 1366
392, -21, 1045
392, -21, 1045
526, -246, 920
503, -317, 889
-,-,-
-1145, 402, -115
-1963, 1596, -484
-1998, 1997, -1071
-1998, 1997, -1842
-1998, -402, -389
-1605, -1990, 1467
-260, -1998, 1998
559, -1998, 1998
410, -1998, 1998
-40, -1998, 1998
-55, -1998, 1998
212, -1998, 1998
184, -1998, 1858
-273, -1998, 1359
-751, -1938, 1016
-1168, -1422, 935
-1318, -437, 899
-942, 592, 925
-926, 1307, 1267
-1260, 1944, 1944
-1650, 1997, 1998
-1726, 1997, 1937
-964, 1914, 1532
79, 780, 1179
736, -214, 912
768, -334, 713
768, -334, 713
537, -154, 566
372, -94, 609
202, -78, 937
116, -131, 1258
95, -111, 1433
-,-,-
-271, 524, 371
-621, 809, 351
-1047, 990, -65
-1558, 1431, -456
-1973, 1962, -646
-1998, 1893, -881
-1981, 1070, -709
-1650, -20, -127
-1114, -1171, 739
-233, -1996, 1810
582, -1998, 1998
658, -1998, 1998
432, -1998, 1998
363, -1998, 1998
393, -1998, 1998
503, -1998, 1965
490, -1998, 1501
142, -1998, 1030
-413, -1998, 698
-925, -1998, 556
-1386, -1643, 706
-1480, -983, 803
-1403, -438, 877
-1115, 212, 1336
-881, 525, 1803
-1351, 1140, 1998
-1827, 1945, 1998
-1590, 1997, 1822
-869, 1693, 1490
-185, 986, 1146
149, 652, 924
207, 537, 689
300, 361, 818
-,-,-
-966, 418, -396
-1598, 1090, -370
-1989, 1878, -623
-1998, 1997, -1047
-1998, 1681, -1136
-1690, 588, -503
-1002, -526, 532
-122, -1618, 1573
693, -1998, 1998
840, -1998, 1998
371, -1998, 1998
2, -1998, 1998
-136, -1998, 1998
-160, -1998, 1998
-14, -1998, 1870
101, -1998, 1545
-16, -1995, 1300
-156, -1753, 1325
-240, -1442, 1216
-301, -1025, 1104
-235, -130, 1040
-245, 718, 1217
-596, 1381, 1713
-1063, 1701, 1981
-1140, 1564, 1998
-905, 1372, 1843
-548, 1249, 1390
-181, 830, 1177
-,-,-
245, 271, 684
28, 416, 601
-588, 585, 507
-1529, 977, -4
-1998, 1853, -1010
-1998, 1997, -1821
-1998, 1996, -1977
-1969, 745, -1402
-1095, -1349, -31
136, -1998, 1240
844, -1998, 1936
1110, -1998, 1998
702, -1998, 1998
59, -1998, 1998
-169, -1998, 1998
-71, -1998, 1998
131, -1998, 1965
336, -1998, 1552
220, -1998, 1140
-183, -1980, 845
-693, -1463, 611
-1055, -691, 630
-1049, 7, 904
-705, 899, 1375
-690, 1442, 1871
-899, 1943, 1949
-1093, 1997, 1806
-818, 1702, 1594
-,-,-
493, 281, 658
411, 232, 545
114, 261, 389
114, 261, 389
-517, 462, 61
-1401, 1079, -402
-1982, 1923, -1255
-1998, 1997, -1963
-1998, 1997, -1997
-1997, 806, -1621
-1413, -1365, 394
-622, -1998, 1905
-134, -1998, 1998
-315, -1998, 1998
-496, -1998, 1998
-260, -1998, 1998
-39, -1998, 1998
-346, -1998, 1591
-906, -1998, 730
-1440, -1304, 601
-1573, -230, 841
-1354, 1023, 1310
-1555, 1935, 1884
-1907, 1997, 1941
-1998, 1997, 1773
-1712, 1950, 1627
-581, 1093, 1427
265, 262, 1055
616, -124, 942
600, -130, 946
-,-,-
-1463, 993, -251
-1998, 1912, -825
-1998, 1997, -1830
-1998, 1997, -1997
-1991, 1102, -1875
-1478, -1247, -421
-533, -1998, 1535
-216, -1998, 1998
-630, -1998, 1998
-982, -1998, 1998
-824, -1998, 1998
-70, -1998, 1998
405, -1998, 1998
-43, -1998, 1899
-909, -1998, 1255
-1505, -1509, 783
-1592, -70, 776
-1735, 1499, 1280
-1998, 1997, 1667
-1998, 1997, 1993
-928, 1553, 1982
-19, 776, 1527
-,-,-
-392, 844, -173
-1022, 1645, -653
-1845, 1997, -1602
-1998, 1997, -1997
-1998, 1991, -1993
-1985, -1471, 358
-1557, -1998, 1795
-794, -1998, 1998
-98, -1998, 1998
138, -1998, 1998
31, -1998, 1998
-113, -1998, 1998
-130, -1998, 1709
-257, -1998, 1098
-753, -1998, 553
-1256, -1653, 231
-1583, -158, 699
-1491, 1133, 967
-1480, 1948, 1842
-1447, 1997, 1998
-1704, 1997, 1916
-1106, 1927, 1551
-188, 939, 1281
358, 196, 1029
603, -203, 932
-,-,-
-492, 633, -232
-1567, 1379, -880
-1998, 1997, -1679
-1998, 1997, -1996
-1998, -683, -404
-1563, -1998, 1722
-266, -1998, 1998
627, -1998, 1998
913, -1998, 1998
725, -1998, 1998
373, -1998, 1998
49, -1998, 1880
-349, -1998, 1205
-669, -1998, 821
-874, -1988, 594
-889, -1542, 296
-785, -1152, 196
-668, -559, 550
-491, 336, 966
-491, 336, 966
-593, 1471, 1324
-615, 1813, 1678
-804, 1593, 1998
-843, 1848, 1998
-555, 1709, 1853
-83, 999, 1388
259, 246, 1202
442, -227, 1183
540, -390, 1134
-,-,-
-413, 755, -222
-613, 981, -447
-753, 1238, -543
-879, 1372, -789
-953, 1245, -1038
-972, 943, -942
-910, 545, -621
-923, 40, -2
-923, 40, -2
-818, -832, 1003
-537, -1833, 1955
-539, -1998, 1998
-759, -1998, 1998
-697, -1998, 1998
-550, -1998, 1998
-411, -1998, 1998
-322, -1998, 1998
-185, -1998, 1751
-288, -1998, 1401
-596, -1998, 1065
-999, -1196, 488
-999, -1196, 488
-1069, -689, 356
-1055, -325, 459
-1036, 340, 882
-1000, 1200, 1178
-968, 1574, 1271
-966, 1598, 1453
-979, 1512, 1740
-,-,-
-243, 295, 0
-243, 295, 0
-594, 581, -19
-950, 952, 22
-1307, 1559, 58
-1385, 1788, -364
-1157, 1446, -803
-896, 780, -607
-508, -94, 167
25, -947, 968
367, -1668, 1442
535, -1998, 1918
535, -1998, 1918
398, -1998, 1998
102, -1998, 1998
-229, -1998, 1998
-322, -1998, 1967
-302, -1998, 1802
-363, -1998, 1296
-607, -1947, 1103
-834, -1450, 981
-938, -681, 910
-822, 278, 910
-884, 961, 1062
-884, 961, 1062
-1258, 1641, 1418
-1552, 1948, 1731
-1407, 1660, 1821
-419, 648, 1393
-419, 648, 1393
-49, 342, 1099
74, 156, 961
73, -60, 993
-24, -143, 1060
-,-,-
-49, 82, 302
-323, 185, 299
-632, 458, 113
-1052, 950, -272
-1509, 1664, -706
-1861, 1997, -1048
-1870, 1992, -1307
-1563, 1312, -1143
-1147, -205, -199
-474, -1759, 1284
318, -1998, 1998
557, -1998, 1998
298, -1998, 1998
144, -1998, 1998
64, -1998, 1998
-45, -1998, 1998
-143, -1998, 1777
-90, -1998, 1351
82, -1998, 920
68, -1998, 787
-171, -1998, 753
-354, -1998, 616
-540, -1998, 169
-737, -1759, 90
-1181, -681, 165
-1192, 511, 877
-1864, 1847, 1554
-1998, 1997, 1998
-1998, 1997, 1998
-1365, 1709, 1957
38, 459, 1482
727, -210, 981
727, -210, 981
780, -362, 834
517, -330, 922
147, -224, 1106
-,-,-
292, 75, 268
314, 106, 314
314, 106, 314
312, 56, 297
166, 64, 283
-366, 206, -4
-1394, 656, -697
-1998, 1863, -1129
-1998, 1997, -1692
-1998, 1921, -1881
-1989, 551, -1307
-1555, -1159, -269
-875, -1987, 1284
-146, -1998, 1998
178, -1998, 1998
-178, -1998, 1998
-450, -1998, 1998
-654, -1996, 1998
-770, -1811, 1967
-736, -1642, 1915
-647, -1522, 1595
-527, -1385, 1279
-384, -1349, 1048
-321, -1806, 717
-522, -1998, 646
-802, -1998, 527
-1134, -1923, 374
-1204, -1396, -55
-1100, -638, -341
-930, 113, -107
-595, 757, 827
-595, 757, 827
-435, 1075, 1744
-984, 1750, 1998
-1275, 1936, 1998
-956, 1392, 1998
-484, 596, 1992
-119, 115, 1668
-32, 19, 1254
-51, 94, 703
-120, 143, 613
-75, -17, 683
-53, -130, 935
-,-,-
-290, 654, 152
-514, 1023, -120
-759, 1350, -408
-822, 1523, -575
-687, 1308, -634
-625, 1047, -394
-691, 741, 69
-620, 138, 759
-461, -761, 1383
-485, -1439, 1869
-800, -1523, 1998
-961, -1271, 1998
-794, -1249, 1998
-617, -1342, 1998
-455, -1480, 1975
-404, -1426, 1980
-340, -1383, 1784
-258, -1324, 1568
-163, -1247, 1391
-75, -1215, 1221
-61, -1198, 1045
-160, -1206, 866
-344, -1260, 764
-623, -1370, 819
-823, -1465, 946
-846, -1475, 1013
-718, -1442, 655
-734, -1080, 503
-826, -572, 357
-894, 86, 599
-977, 711, 941
-1196, 1304, 1095
-1531, 1772, 1357
-1520, 1896, 1507
-1101, 1580, 1379
-549, 1107, 1116
-155, 689, 889
107, 327, 902
107, 327, 902
109, 129, 951
34, 37, 954
-19, -10, 1031
-104, -21, 1071
-138, -25, 1155
-150, -28, 1224
-127, -45, 1286
-,-,-
-288, 629, 62
-288, 629, 62
-501, 1074, -225
-605, 1512, -785
-725, 1746, -1278
-876, 1317, -1293
-808, 402, -481
-534, -373, 324
-283, -906, 836
-4, -1598, 1734
107, -1998, 1998
-180, -1998, 1998
-389, -1849, 1998
-410, -1444, 1998
-261, -1315, 1998
-94, -1325, 1833
-115, -1109, 1719
-68, -1040, 1420
-97, -881, 1298
-78, -797, 1189
-43, -719, 1132
-16, -712, 1023
-17, -808, 929
-45, -1009, 839
-142, -1158, 831
-344, -1369, 715
-422, -1705, 500
-396, -1881, 402
-565, -1495, 382
-731, -848, 150
-684, -345, 11
-537, 335, 642
-537, 335, 642
-749, 864, 1573
-1453, 1470, 1997
-1673, 1809, 1998
-1240, 1371, 1998
-517, 659, 1848
-7, 198, 1314
205, 5, 959
248, -130, 767
188, -260, 838
52, -301, 952
-94, -306, 1205
-,-,-
156, 308, 267
42, 455, 139
-126, 575, -21
-241, 728, -233
-241, 728, -233
-360, 946, -466
-388, 1112, -640
-289, 1024, -683
-184, 824, -505
-191, 668, -378
-283, 466, 9
-356, -163, 773
-519, -940, 1665
-629, -1296, 1998
-727, -1252, 1998
-744, -1166, 1998
-585, -1270, 1998
-353, -1490, 1991
-302, -1519, 1925
-290, -1412, 1645
-283, -1387, 1525
-137, -1497, 1344
26, -1606, 1327
117, -1633, 1170
123, -1636, 1039
14, -1597, 891
-202, -1586, 791
-481, -1480, 738
-736, -1215, 667
-823, -1036, 454
-850, -855, 339
-843, -685, 345
-869, -298, 493
-672, 458, 700
-738, 966, 1068
-1167, 1251, 1595
-1132, 1297, 1770
-810, 1236, 1631
-559, 1065, 1472
-352, 743, 1294
-192, 444, 1184
-79, 153, 1033
-39, -86, 1014
-39, -86, 1014
-97, -190, 1041
-141, -280, 1151
-,-,-
-295, 765, 318
-547, 1283, -33
-936, 1673, -351
-1269, 1695, -595
-1342, 1191, -536
-1101, 386, -191
-580, -449, 142
-141, -1051, 409
169, -1510, 968
402, -1787, 1448
318, -1722, 1647
-59, -1398, 1862
-307, -1177, 1953
-380, -1128, 1957
-479, -1063, 1991
-577, -882, 1920
-527, -857, 1723
-374, -982, 1602
-246, -1091, 1576
-187, -1041, 1447
-148, -1009, 1300
-113, -1201, 1197
-41, -1573, 1147
-58, -1954, 1037
-296, -1998, 815
-542, -1818, 417
-653, -1527, 109
-724, -1172, 189
-756, -688, 299
-813, 220, 527
-982, 1164, 915
-1383, 1732, 1448
-1707, 1987, 1968
-1483, 1883, 1931
-878, 1371, 1600
-200, 537, 1244
186, -44, 1151
186, -44, 1151
190, -195, 1080
3, -194, 1165
-,-,-
77, 283, 434
26, 354, 315
-33, 406, 214
-178, 559, 73
-178, 559, 73
-439, 800, -159
-716, 1316, -611
-891, 1823, -1129
-975, 1915, -1320
-913, 1443, -1111
-917, 553, -541
-966, -528, 489
-1117, -1409, 1681
-1371, -1633, 1998
-1400, -1682, 1998
-446, -1998, 1998
-93, -1998, 1983
111, -1977, 1722
235, -1920, 1396
299, -1805, 1179
295, -1620, 1045
292, -1494, 886
292, -1494, 886
262, -1425, 782
89, -1419, 624
-162, -1452, 615
-365, -1530, 712
-438, -1543, 601
-550, -1511, 466
-651, -1393, 327
-643, -1231, 78
-643, -1022, 59
-691, -539, 280
-645, 175, 758
-874, 598, 1556
-1365, 908, 1997
-1482, 1163, 1998
-1237, 1257, 1958
-795, 1087, 1541
-334, 701, 1138
-61, 378, 976
-,-,-
122, 316, 201
101, 446, 58
-16, 590, -134
-256, 773, -363
-585, 988, -443
-766, 1299, -426
-962, 1566, -376
-1078, 1306, -492
-1107, 853, -193
-1003, 176, 467
-871, -544, 1270
-706, -1298, 1872
-759, -1683, 1998
-835, -1692, 1998
-768, -1674, 1998
-550, -1708, 1998
-329, -1777, 1998
-265, -1711, 1947
-192, -1667, 1798
-59, -1605, 1608
39, -1575, 1393
101, -1566, 1143
104, -1641, 904
-17, -1823, 738
-267, -1972, 584
-431, -1989, 442
-568, -1819, 215
-674, -1548, 98
-831, -959, 82
-981, 85, 384
-981, 85, 384
-1420, 863, 827
-1891, 1611, 1510
-1998, 1988, 1912
-1951, 1968, 1906
-1453, 1454, 1653
-751, 691, 1430
-115, 16, 1204
211, -325, 969
178, -348, 859
11, -343, 920
-,-,-
169, 172, 422
118, 243, 379
118, 243, 379
-10, 349, 327
-214, 491, 323
-453, 782, 314
-641, 1234, 75
-762, 1720, -328
-869, 1987, -711
-910, 1677, -567
-875, 859, -113
-999, -291, 375
-1397, -1223, 1506
-1497, -1824, 1998
-1232, -1998, 1998
-765, -1998, 1998
-526, -1998, 1998
-170, -1998, 1998
59, -1998, 1950
217, -1993, 1596
256, -1840, 1231
171, -1680, 1009
5, -1576, 764
-211, -1559, 571
-369, -1592, 463
-418, -1552, 382
-397, -1500, 289
-433, -1442, 284
-708, -1033, 354
-953, -301, 340
-1193, 388, 787
-1551, 1151, 1613
-1842, 1743, 1993
-1810, 1882, 1998
-1143, 1290, 1926
-340, 421, 1569
143, -47, 1111
220, -212, 907
93, -212, 894
93, -311, 894
-72, -393, 996
-213, -425, 1134
-289, -419, 1223
-286, -406, 1253
-238, -432, 1350
-,-,-
-280, 791, -206
-598, 1042, -369
-960, 1316, -348
-1214, 1421, -467
-1379, 1436, -546
-1383, 1156, -566
-1276, 638, -387
-1070, -268, 79
-839, -1336, 990
-826, -1984, 1929
-863, -1998, 1998
-799, -1998, 1998
-634, -1998, 1998
-450, -1998, 1998
-378, -1986, 1998
-315, -1887, 1994
-267, -1709, 1756
-195, -1617, 1383
-118, -1652, 1064
-178, -1726, 713
-382, -1693, 381
-492, -1588, 160
-476, -1547, 165
-448, -1487, 351
-504, -1221, 404
-696, -526, 651
-1245, 170, 1308
-1662, 694, 1785
-1639, 1039, 1892
-1541, 1309, 1883
-1387, 1424, 1656
-1049, 1185, 1397
-643, 759, 1224
-174, 281, 1095
109, 39, 955
138, -3, 1002
63, -70, 1144
-80, -119, 1359
-153, -170, 1478
-,-,-
-303, 589, 0
-521, 1108, -467
-890, 1807, -973
-1186, 1997, -1422
-1373, 1937, -1403
-1341, 941, -837
-1104, -604, 393
-1132, -1730, 1488
-1443, -1995, 1998
-1134, -1998, 1998
-892, -1980, 1998
-611, -1853, 1998
-331, -1936, 1998
56, -1998, 1987
349, -1998, 1669
347, -1883, 1086
203, -1794, 649
-125, -1757, 446
-478, -1715, 285
-796, -1576, 246
-942, -1380, 184
-941, -1094, 186
-1021, -724, 116
-948, -420, 321
-744, 92, 662
-744, 92, 662
-521, 524, 1350
-853, 840, 1894
-1439, 1165, 1998
-1623, 1397, 1998
-1057, 1134, 1896
-,-,-
-97, 230, 182
-122, 247, 60
-185, 343, -52
-281, 489, -148
-372, 610, -278
-453, 667, -365
-587, 710, -405
-721, 860, -436
-770, 945, -447
-770, 945, -340
-666, 778, -340
-484, 475, -9
-330, 40, 506
-241, -391, 1063
-172, -947, 1780
-328, -1366, 1998
-580, -1453, 1998
-684, -1594, 1998
-536, -1863, 1998
-489, -1916, 1998
-418, -1960, 1998
-213, -1997, 1998
-47, -1998, 1813
30, -1998, 1508
-58, -1900, 1220
-193, -1655, 980
-310, -1429, 807
-432, -1180, 741
-596, -765, 704
-735, -281, 711
-872, 296, 852
-992, 843, 1147
-1180, 1303, 1319
-1336, 1481, 1354
-1298, 1361, 1304
-987, 1054, 1198
-563, 668, 1011
-208, 306, 903
29, 76, 851
119, -8, 851
119, -8, 851
-,-,-
-321, 416, 47
-519, 721, 64
-519, 721, 64
-646, 946, -86
-763, 1189, -221
-867, 1253, -165
-870, 1083, 63
-819, 815, 276
-772, 400, 622
-533, -366, 1246
-264, -1268, 1698
-310, -1702, 1995
-358, -1720, 1998
-268, -1833, 1998
-111, -1998, 1998
-111, -1998, 1998
-151, -1998, 1998
-125, -1998, 1954
-62, -1965, 1588
-40, -1921, 1264
-119, -1810, 981
-271, -1623, 804
-377, -1396, 696
-430, -1150, 500
-476, -859, 378
-586, -403, 394
-610, 179, 695
-788, 647, 1072
-1114, 1049, 1539
-1238, 1353, 1815
-1196, 1431, 1832
-961, 1243, 1740
-647, 855, 1594
-429, 574, 1442
-295, 464, 1232
-173, 327, 1074
-84, 162, 1050
-47, 38, 1108
-47, 38, 1108
-55, -32, 1192
-25, -149, 1336
-,-,-
15, 274, 136
-145, 308, 84
-350, 404, 4
-634, 725, -46
-891, 1113, -158
-955, 1118, -324
-914, 1020, -277
-854, 965, -28
-854, 965, -28
-758, 830, 418
-652, 446, 913
-515, -131, 1479
-345, -684, 1760
-328, -1100, 1898
-368, -1373, 1934
-400, -1624, 1906
-398, -1953, 1834
-506, -1998, 1923
-533, -1998, 1998
-382, -1998, 1998
-220, -1998, 1998
-147, -1998, 1620
-621, -1662, 843
-864, -1662, 631
-864, -1246, 631
-1109, -629, 498
-1118, 144, 410
-1030, 1145, 445
-1078, 1891, 892
-1263, 1970, 1536
-1446, 1786, 1966
-1431, 1565, 1811
-456, 557, 1250
-456, 557, 1250
-127, 66, 1188
-38, -232, 1295
-121, -357, 1315
-,-,-
-162, 746, 327
-356, 1028, 163
-606, 1375, -285
-823, 1762, -498
-917, 1916, -547
-863, 1485, -630
-897, 900, -494
-1040, 238, -154
-1049, -773, 236
-883, -1789, 1079
-744, -1998, 1870
-638, -1998, 1998
-559, -1998, 1998
-565, -1998, 1998
-491, -1998, 1985
-397, -1998, 1977
-326, -1998, 1767
-227, -1998, 1395
-233, -1998, 955
-337, -1870, 671
-485, -1588, 559
-738, -1211, 457
-970, -801, 449
-1110, -243, 529
-1061, 423, 746
-1272, 967, 1119
-1660, 1563, 1377
-1757, 1808, 1551
-1447, 1569, 1620
-931, 1001, 1545
-485, 543, 1428
-252, 325, 1204
-,-,-
-207, 623, -213
-621, 1009, -352
-930, 1513, -530
-1116, 1797, -693
-1120, 1573, -752
-1070, 1077, -491
-960, 415, 70
-960, 415, 70
-819, -253, 739
-749, -997, 1230
-789, -1736, 1834
-1012, -1998, 1998
-1084, -1998, 1998
-976, -1998, 1998
-639, -1998, 1998
-505, -1998, 1998
-354, -1998, 1990
-189, -1998, 1679
-114, -1998, 1262
-242, -1941, 980
-441, -1615, 751
-619, -1275, 551
-792, -854, 383
-946, -254, 418
-1019, 319, 589
-1133, 948, 874
-1133, 948, 874
-1335, 1635, 1152
-1566, 1868, 1492
-900, 732, 1910
-900, 732, 1910
-502, 216, 1756
-213, -91, 1509
-,-,-
193, 130, 386
91, 286, 402
-59, 406, 356
-264, 599, 126
-605, 965, -36
-605, 965, -36
-976, 1537, -358
-1266, 1978, -613
-1405, 1995, -785
-1350, 1638, -605
-1174, 846, -241
-956, 17, 292
-925, -687, 988
-826, -1718, 1833
-749, -1998, 1998
-829, -1998, 1998
-926, -1998, 1998
-508, -1998, 1998
-35, -1998, 1998
107, -1998, 1998
218, -1998, 1892
227, -1998, 1448
-95, -1998, 988
-554, -1731, 714
-907, -1123, 698
-968, -722, 642
-903, -143, 874
-962, 338, 1319
-1157, 776, 1523
-1392, 1167, 1687
-1337, 1224, 1834
-1029, 1005, 1830
-637, 679, 1792
-300, 356, 1686
-153, 183, 1496
-135, 95, 1275
-,-,-
-201, 138, 54
-439, 425, -27
-615, 856, -176
-675, 1328, -490
-825, 1875, -837
-1061, 1997, -933
-1272, 1942, -613
-1401, 1286, 41
-1392, 78, 604
-1228, -1191, 1321
-1076, -1980, 1953
-887, -1998, 1998
-701, -1998, 1998
-672, -1998, 1998
-376, -1998, 1998
-170, -1998, 1998
32, -1998, 1998
195, -1998, 1942
62, -1998, 1275
-261, -1964, 716
-606, -1825, 489
-895, -1512, 474
-1028, -1010, 330
-935, -527, 288
-639, -59, 415
-469, 532, 620
-559, 916, 1071
-958, 1471, 1794
-1468, 1801, 1998
-1572, 1653, 1998
-1100, 1086, 1898
-409, 399, 1382
82, -107, 1072
199, -271, 932
199, -271, 932
-,-,-
-749, 1063, -535
-960, 1579, -673
-1194, 1810, -884
-1288, 1652, -1069
-835, -17, 59
-835, -17, 59
-399, -877, 991
-157, -1555, 1692
-40, -1995, 1998
-224, -1998, 1998
-527, -1829, 1998
-549, -1701, 1998
-559, -1729, 1998
-634, -1657, 1998
-613, -1624, 1998
-500, -1466, 1912
-322, -1527, 1502
-121, -1774, 873
-186, -1805, 639
-318, -1592, 444
-450, -1198, 268
-567, -548, 143
-567, -548, 143
-645, 322, 374
-809, 966, 958
-1418, 1291, 1790
-1818, 1542, 1998
-1440, 1281, 1981
-694, 671, 1663
-55, 79, 1388
120, -79, 1287
-72, -47, 1279
-,-,-
-727, 919, -27
-727, 919, -27
-1050, 1405, -405
-1213, 1967, -834
-1240, 1997, -1391
-1124, 1734, -1167
-463, -694, 753
-463, -694, 753
-447, -1302, 1476
-587, -1702, 1972
-975, -1477, 1998
-967, -1314, 1998
-738, -1386, 1992
-393, -1601, 1782
-115, -1764, 1740
17, -1819, 1651
63, -1831, 1408
63, -1940, 1147
-35, -1998, 967
-250, -1998, 809
-250, -1998, 809
-449, -1998, 645
-511, -1945, 339
-614, -1627, 239
-832, -1087, 248
-1136, -113, 587
-1403, 391, 1295
-1979, 956, 1940
-1996, 1361, 1998
-1727, 1492, 1876
-771, 939, 1347
-,-,-
149, 367, 335
10, 608, 116
-350, 1271, -298
-1142, 1955, -967
-1918, 1997, -1205
-1998, 1885, -851
-1965, 765, -331
-1433, -643, 381
-704, -1604, 991
-97, -1995, 1330
346, -1998, 1736
512, -1998, 1992
162, -1998, 1998
-167, -1998, 1985
-336, -1998, 1838
-438, -1998, 1612
-582, -1869, 1361
-573, -1771, 1266
-388, -1809, 990
-164, -1829, 776
29, -1870, 598
-94, -1678, 481
-373, -1382, 463
-583, -1081, 513
-782, -428, 760
-900, 399, 1336
-1421, 1152, 1906
-1866, 1583, 1998
-1531, 1531, 1990
-862, 1138, 1750
-320, 657, 1457
-3, 300, 1230
81, 119, 963
182, -139, 1027
-,-,-
-52, 552, 301
-52, 552, 301
-307, 872, 202
-520, 1291, -26
-785, 1744, -336
-978, 1966, -601
-961, 1473, -674
-787, 712, -90
-408, -219, 346
-122, -829, 730
-3, -1388, 1187
-7, -1768, 1703
-152, -1890, 1998
-174, -1906, 1998
-78, -1851, 1998
35, -1758, 1967
54, -1578, 1769
-40, -1300, 1610
-81, -1264, 1558
-86, -1238, 1305
-14, -1264, 1148
16, -1366, 969
16, -1366, 969
29, -1605, 742
-80, -1797, 618
-257, -1802, 451
-325, -1688, 166
-412, -1547, 81
-750, -1086, 296
-992, -475, 448
-1015, 367, 777
-1138, 852, 1232
-1498, 1172, 1912
-1603, 1412, 1998
-1467, 1423, 1998
-1066, 1097, 1962
-,-,-
82, 387, 218
35, 607, -9
-225, 959, -280
-664, 1540, -642
-1062, 1915, -985
-1172, 1789, -966
-1092, 1151, -721
-937, 253, -155
-652, -691, 649
-403, -1389, 1132
-559, -1685, 1632
-709, -1834, 1998
-697, -1970, 1998
-618, -1896, 1998
-465, -1564, 1998
-277, -1266, 1924
-89, -1140, 1639
-5, -1125, 1406
15, -1073, 1239
49, -1093, 982
102, -1308, 799
86, -1619, 677
6, -1972, 486
-159, -1998, 427
-343, -1868, 262
-573, -1389, 83
-810, -843, 216
-810, -843, 216
-909, -266, 751
-1017, 360, 1469
-1503, 923, 1966
-1749, 1391, 1998
-1497, 1350, 1992
-1041, 995, 1829
-,-,-
-605, 1505, -149
-605, 1505, -149
-942, 1830, -663
-1036, 1698, -989
-790, 155, -344
-790, 155, -344
-412, -816, 227
-217, -1462, 945
-181, -1867, 1798
-197, -1998, 1998
-398, -1816, 1998
-548, -1521, 1998
-124, -1369, 1788
-115, -1185, 1587
-313, -966, 1545
-386, -1054, 1415
-166, -1391, 1321
127, -1755, 1073
142, -1969, 874
-53, -1946, 727
-278, -1734, 558
-513, -1380, 516
-621, -954, 633
-621, -954, 633
-668, -337, 876
-886, 361, 1230
-1352, 1063, 1510
-1595, 1532, 1693
-1349, 1584, 1754
-902, 1253, 1780
-557, 820, 1580
-256, 459, 1269
-24, 135, 1023
78, -136, 942
-,-,-
118, 280, 505
54, 526, 364
-170, 783, 102
-622, 1245, -294
-1156, 1897, -766
-1542, 1997, -1049
-1595, 1940, -1183
-1201, 790, -543
-587, -1028, 644
-154, -1977, 1805
-261, -1998, 1998
-695, -1789, 1998
-793, -1616, 1998
-499, -1873, 1998
-161, -1998, 1995
-69, -1946, 1821
-125, -1797, 1637
-121, -1836, 1604
-54, -1904, 1416
6, -1881, 1174
37, -1936, 923
-127, -1905, 769
-398, -1660, 751
-611, -1264, 656
-772, -766, 657
-841, -105, 793
-698, 703, 875
-671, 1284, 1323
-904, 1243, 1878
-1076, 1116, 1998
-703, 942, 1843
-240, 733, 1494
35, 290, 1360
35, 290, 1360
-,-,-
-259, 750, 161
-523, 1106, -200
-910, 1669, -427
-1169, 1971, -740
-1093, 1576, -806
-666, 575, -250
-83, -609, 753
252, -1393, 1705
210, -1556, 1998
-158, -1277, 1998
-579, -891, 1998
-552, -1035, 1998
-276, -1337, 1963
-158, -1298, 1745
-157, -1177, 1525
-181, -1214, 1349
-49, -1529, 1437
128, -1871, 1458
241, -1998, 1407
346, -1998, 1282
194, -1998, 1110
-155, -1998, 964
-490, -1784, 754
-801, -1295, 543
-1127, -612, 673
-1197, 135, 1017
-1153, 835, 1304
-1491, 1600, 1378
-1576, 1997, 1459
-1167, 1857, 1520
-667, 1205, 1506
-332, 671, 1557
-,-,-
-33, 408, 39
-411, 440, -325
-858, 840, -477
-1113, 1479, -820
-1202, 1901, -1166
-1209, 1806, -1076
-1063, 1111, -572
-766, 50, 368
-435, -915, 1348
-186, -1671, 1971
-315, -1971, 1998
-658, -1750, 1998
-859, -1570, 1998
-765, -1794, 1998
-584, -1989, 1998
-339, -1998, 1998
-2, -1998, 1998
211, -1998, 1946
177, -1978, 1514
-28, -1675, 1193
-240, -1377, 939
-427, -1069, 799
-648, -625, 661
-805, -9, 633
-780, 652, 771
-906, 1146, 1131
-1210, 1475, 1423
-1298, 1552, 1434
-970, 1264, 1376
-440, 762, 1254
-68, 389, 1139
99, 148, 1094
99, 148, 1094
152, -63, 1078
142, -209, 1101
-,-,-
-308, 676, 6
-308, 676, 6
-658, 1087, 52
-908, 1723, 186
-935, 1812, -141
-936, 1676, -515
-825, 1134, -562
-440, 274, -112
-2, -575, 410
156, -1128, 857
52, -1580, 1486
-210, -1799, 1932
-539, -1647, 1998
-781, -1524, 1998
-652, -1692, 1998
-544, -1801, 1955
-481, -1850, 1857
-410, -1884, 1847
-187, -1998, 1604
-46, -1971, 1326
94, -1950, 1047
74, -1904, 791
-122, -1721, 566
-384, -1405, 375
-635, -1036, 274
-759, -624, 251
-816, -221, 340
-941, 195, 574
-1088, 771, 881
-1217, 977, 1268
-1249, 899, 1796
-1058, 741, 1951
-1058, 741, 1887
-778, 606, 1887
-,-,-
-367, 656, -302
-740, 1122, -553
-1106, 1619, -928
-1486, 1942, -1161
-1567, 1573, -1009
-1381, 767, -413
-814, -310, 526
-169, -1321, 1665
65, -1973, 1998
-231, -1998, 1998
-577, -1998, 1998
-587, -1998, 1998
-568, -1998, 1998
-630, -1998, 1998
-560, -1998, 1998
-419, -1998, 1941
-201, -1998, 1594
-116, -1993, 1347
-221, -1835, 1099
-332, -1531, 804
-451, -1201, 518
-585, -815, 359
-710, -182, 449
-605, 463, 726
-694, 1078, 1253
-1055, 1486, 1788
-1359, 1731, 1998
-1296, 1676, 1717
-968, 1384, 1392
-439, 743, 1140
-10, 244, 991
175, 11, 836
179, -114, 884
76, -178, 1015
-,-,-
-332, 858, -43
-355, 1026, -350
-318, 1209, -699
-394, 1245, -686
-605, 1172, -217
-743, 882, 358
-959, 458, 751
-959, 458, 751
-1342, 10, 1413
-1559, -555, 1959
-1549, -1238, 1998
-1344, -1863, 1998
-1236, -1998, 1991
-411, -1998, 1998
344, -1998, 1998
704, -1998, 1675
567, -1998, 1179
5, -1998, 774
5, -1998, 774
-592, -1914, 358
-994, -1401, 120
-1163, -925, -100
-1142, -653, -95
-1004, -462, 79
-894, -111, 573
-928, 371, 886
-1103, 839, 1431
-1201, 996, 1960
-941, 799, 1998
-517, 661, 1956
-241, 701, 1630
-217, 647, 1429
-209, 393, 1307
-34, -9, 1252
18, -152, 1084
-,-,-
-46, 350, 7
-140, 661, -58
-405, 968, -199
-835, 1585, -177
-1255, 1997, -469
-1544, 1997, -754
-1658, 1909, -482
-1397, 716, 221
-768, -1146, 1004
-376, -1998, 1883
-281, -1998, 1998
-433, -1998, 1998
-383, -1998, 1998
-388, -1998, 1998
-416, -1998, 1998
-292, -1998, 1996
-193, -1998, 1717
-196, -1998, 1304
-271, -1974, 958
-443, -1565, 832
-424, -1080, 562
-345, -536, 480
-320, 126, 731
-454, 681, 1182
-921, 1126, 1730
-1364, 1633, 1956
-1306, 1721, 1721
-824, 1202, 1484
-279, 440, 1250
81, -142, 1027
246, -443, 955
247, -572, 1023
-,-,-
-332, 1113, 163
-332, 1113, 163
-527, 1561, -264
-823, 1945, -707
-1020, 1990, -849
-1001, 1443, -674
-889, 245, -12
-724, -878, 877
-800, -1483, 1498
-1113, -1558, 1969
-1120, -1771, 1998
-525, -1998, 1998
-346, -1998, 1878
-316, -1998, 1931
-151, -1998, 1745
-78, -1998, 1701
-80, -1998, 1425
-167, -1998, 1079
-428, -1790, 888
-621, -1311, 749
-799, -525, 708
-952, 275, 852
-1207, 779, 1370
-1414, 1512, 1676
-1440, 1826, 1635
-1276, 1505, 1633
-787, 873, 1447
-206, 363, 1130
123, 35, 1037
123, 35, 1037
68, -64, 1294
-131, -136, 1482
-279, -227, 1608
-312, -313, 1652
-249, -377, 1608
-,-,-
-36, 390, 97
-282, 760, -298
-580, 1242, -573
-943, 1833, -773
-1158, 1978, -880
-1252, 1627, -609
-1185, 899, -161
-871, -167, 563
-500, -1165, 1402
-508, -1734, 1958
-476, -1998, 1998
-408, -1998, 1998
-388, -1998, 1998
-382, -1998, 1998
-273, -1998, 1996
-159, -1998, 1998
-133, -1998, 1960
-134, -1998, 1653
-57, -1998, 1309
-43, -1929, 924
-157, -1599, 589
-485, -1084, 486
-849, -493, 609
-1034, 213, 1043
-1265, 877, 1436
-1636, 1593, 1506
-1589, 1731, 1500
-1088, 1283, 1493
-588, 818, 1350
-280, 520, 1133
-11, 170, 915
126, -111, 844
130, -290, 824
130, -290, 824
27, -333, 885
-103, -318, 971
-184, -350, 1075
-,-,-
-91, 477, -79
-330, 640, -271
-487, 671, -388
-777, 946, -301
-1236, 1131, -189
-1616, 807, 190
-1769, 67, 987
-1911, -666, 1858
-1803, -1417, 1998
-1484, -1959, 1998
-921, -1998, 1998
-422, -1998, 1995
-43, -1998, 1998
207, -1998, 1953
237, -1998, 1512
198, -1998, 1122
-142, -1998, 705
-646, -1998, 414
-1019, -1731, 225
-1267, -964, 12
-1405, -129, 215
-1327, 593, 845
-1443, 1430, 1490
-1684, 1896, 1953
-1561, 1910, 1982
-929, 1302, 1804
-200, 572, 1441
175, 205, 1047
134, 79, 981
8, -7, 1047
8, -7, 1047
-107, -72, 1020
-173, -139, 1077
-,-,-
103, 497, 55
-99, 692, -71
-345, 993, -254
-543, 1237, -524
-725, 1416, -738
-951, 1424, -742
-1075, 1119, -401
-970, 254, 245
-620, -858, 1070
-476, -1463, 1754
-749, -1539, 1998
-702, -1807, 1998
-390, -1998, 1998
-182, -1998, 1998
-180, -1998, 1865
-132, -1998, 1837
146, -1998, 1691
327, -1998, 1613
272, -1998, 1085
-203, -1939, 819
-913, -984, 981
-1743, 284, 1370
-1998, 1428, 1603
-1995, 1977, 1629
-1609, 1840, 1557
-1068, 1493, 1412
-594, 988, 1166
-125, 366, 1035
153, -80, 915
116, -222, 926
-,-,-
246, 339, 264
171, 497, 184
19, 724, 36
-140, 934, -214
-333, 1177, -462
-575, 1418, -515
-806, 1531, -364
-982, 1333, -237
-1072, 1080, -105
-1186, 776, 78
-1216, 362, 321
-1224, -343, 815
-1214, -1344, 1538
-886, -1982, 1998
-535, -1998, 1998
-391, -1998, 1936
-164, -1998, 1674
-124, -1998, 1965
-192, -1998, 1998
-49, -1998, 1978
-22, -1998, 1582
-221, -1998, 1154
-569, -1662, 880
-983, -840, 646
-1276, -146, 750
-1236, 386, 1089
-1355, 839, 1291
-1395, 928, 1450
-1185, 987, 1424
-833, 932, 1409
-773, 886, 1459
-817, 762, 1443
-642, 540, 1350
-290, 154, 1107
0, -222, 1112
0, -222, 1112
37, -328, 1185
-,-,-
22, 303, 228
-207, 545, 32
-622, 958, 70
-983, 1476, -121
-1187, 1922, -419
-1292, 1997, -488
-1138, 1611, -387
-830, 581, 200
-358, -835, 1071
42, -1929, 1770
42, -1929, 1770
174, -1998, 1998
-108, -1998, 1998
-519, -1998, 1998
-563, -1998, 1998
-296, -1998, 1954
-313, -1998, 1774
-380, -1895, 1460
-479, -1487, 1244
-571, -1071, 1071
-653, -643, 971
-767, -153, 879
-917, 403, 939
-1158, 814, 1375
-1380, 1063, 1692
-1347, 1210, 1628
-1027, 1224, 1457
-696, 979, 1352
-483, 647, 1273
-309, 341, 1194
-309, 341, 1194
-131, 79, 1043
-37, -85, 894
-41, -142, 831
-83, -185, 873
-145, -233, 958
-,-,-
93, 475, 220
93, 475, 220
-51, 620, 208
-243, 784, 46
-485, 1009, -109
-831, 1554, -260
-1213, 1925, -605
-1458, 1800, -673
-1546, 1203, -377
-1431, 272, 165
-1103, -937, 919
-574, -1950, 1716
-221, -1998, 1998
103, -1998, 1998
282, -1998, 1998
388, -1998, 1697
336, -1998, 1782
248, -1998, 1383
130, -1998, 1210
27, -1998, 831
-183, -1963, 627
-473, -1546, 481
-724, -1011, 431
-758, -606, 504
-652, -196, 684
-652, -196, 684
-636, 223, 1062
-891, 570, 1606
-953, 793, 1927
-835, 828, 1991
-686, 717, 1995
-544, 574, 1865
-307, 392, 1605
-18, 154, 1328
173, -77, 1107
237, -202, 938
207, -276, 922
154, -330, 991
-,-,-
50, 480, 201
-200, 745, 27
-200, 745, 27
-575, 1128, -202
-1013, 1678, -610
-1409, 1992, -1140
-1709, 1956, -1309
-1734, 1269, -1131
-599, -1525, 437
-16, -1998, 1449
-31, -1998, 1985
-371, -1998, 1998
-720, -1998, 1998
-770, -1998, 1998
-727, -1998, 1997
-590, -1998, 1998
-319, -1998, 1998
-133, -1998, 1853
-77, -1998, 1374
-156, -1838, 1031
-350, -1550, 897
-529, -1267, 774
-672, -727, 612
-798, -22, 477
-1070, 673, 670
-1377, 1155, 1255
-1576, 1519, 1584
-1499, 1559, 1504
-1111, 1117, 1509
-597, 496, 1330
-167, 35, 1095
112, -219, 899
131, -259, 882
131, -259, 882
17, -263, 970
-146, -271, 1069
-,-,-
-990, 973, -502
-1474, 1564, -902
-1805, 1984, -1192
-1784, 1995, -1328
-1318, 1464, -984
-724, 213, -286
-161, -1155, 869
298, -1952, 1951
286, -1998, 1998
-118, -1998, 1998
-234, -1998, 1998
-83, -1998, 1998
-81, -1998, 1998
-165, -1991, 1899
-172, -1790, 1710
-115, -1680, 1467
-59, -1602, 1226
-31, -1641, 934
-176, -1631, 720
-365, -1574, 486
-474, -1510, 354
-591, -1455, 266
-822, -1193, 343
-1095, -644, 676
-1030, 241, 870
-1018, 848, 974
-1182, 1409, 1385
-1131, 1909, 1659
-1037, 1995, 1730
-867, 1803, 1585
-564, 1331, 1255
-102, 614, 1067
267, 38, 1116
277, -126, 893
222, -122, 830
-,-,-
58, 467, 190
-37, 753, -58
-371, 978, -582
-955, 1469, -1085
-1618, 1983, -1310
-1984, 1997, -1556
-1970, 1743, -1438
-1606, 491, -837
-937, -1241, 191
-448, -1998, 1539
-383, -1998, 1998
-786, -1998, 1998
-1086, -1998, 1998
-868, -1998, 1998
-443, -1998, 1990
-267, -1998, 1998
-122, -1998, 1997
-146, -1998, 1787
-268, -1930, 1419
-365, -1640, 1179
-501, -1185, 887
-691, -633, 705
-796, -175, 764
-941, 396, 917
-1107, 1017, 1269
-1461, 1595, 1501
-1687, 1781, 1452
-1451, 1456, 1450
-892, 814, 1301
-274, 220, 1083
134, -98, 942
113, -9, 874
-40, 33, 874
-169, -64, 973
-169, -64, 1014
-249, -121, 1014
-,-,-
-902, 1282, -594
-1375, 1948, -900
-1843, 1997, -985
-1993, 1970, -958
-1723, 1043, -432
-1135, -419, 823
-455, -1762, 1892
-105, -1998, 1998
-53, -1998, 1998
-49, -1998, 1998
-99, -1998, 1998
138, -1998, 1998
282, -1998, 1891
164, -1998, 1977
53, -1965, 1775
-135, -1705, 1331
-300, -1538, 973
-446, -1496, 782
-567, -1338, 702
-618, -1108, 612
-542, -865, 638
-381, -612, 622
-255, -155, 833
-694, 635, 1138
-1329, 1198, 1457
-1379, 1304, 1670
-987, 963, 1663
-617, 779, 1563
-489, 800, 1377
-210, 492, 1334
-,-,-
-439, 774, 253
-553, 1011, 28
-668, 1351, -374
-778, 1746, -731
-853, 1848, -803
-843, 1457, -586
-671, 507, -60
-381, -751, 825
-265, -1796, 1745
-501, -1998, 1998
-673, -1998, 1998
-600, -1998, 1998
-247, -1998, 1998
164, -1998, 1998
493, -1998, 1867
631, -1998, 1457
652, -1998, 1187
400, -1956, 798
34, -1535, 580
-250, -1221, 456
-582, -911, 512
-832, -466, 684
-873, 115, 939
-1130, 505, 1053
-1516, 951, 1597
-1610, 1239, 1976
-1445, 1229, 1997
-1116, 937, 1829
-672, 546, 1588
-318, 234, 1230
-37, -2, 884
-37, -2, 884
212, -287, 751
191, -370, 747
38, -375, 903
-147, -383, 1079
-307, -332, 1230
-,-,-
-589, 1231, -324
-887, 1377, -352
-1254, 1080, -19
-1589, 311, 752
-1508, -912, 1621
-1324, -1859, 1982
-1171, -1935, 1998
-1141, -1998, 1998
-794, -1998, 1998
-232, -1998, 1998
230, -1998, 1998
354, -1998, 1963
283, -1934, 1441
52, -1667, 693
-214, -1414, 343
-389, -1294, 229
-541, -1277, 143
-666, -1238, 43
-558, -1313, -40
-370, -1482, 46
-329, -1612, 228
-593, -1429, 396
-966, -838, 725
-1110, -261, 1234
-1305, 413, 1915
-1803, 1122, 1998
-1852, 1629, 1998
-1504, 1687, 1723
-753, 1184, 1355
-170, 621, 1216
-30, 436, 1153
20, 297, 1011
63, 86, 1068
-,-,-
442, 130, 372
296, 245, 282
47, 499, 157
-295, 922, -38
-295, 922, -38
-690, 1499, -505
-1186, 1990, -940
-1711, 1997, -1011
-1998, 1206, -386
-1712, -504, 326
-1382, -1925, 1392
-1189, -1998, 1998
-573, -1998, 1998
-48, -1998, 1998
283, -1998, 1998
561, -1998, 1963
739, -1998, 1544
822, -1998, 1069
861, -1998, 769
670, -1998, 441
316, -1990, 131
-64, -1772, 1
-64, -1772, 1
-459, -1431, 98
-669, -1171, 303
-654, -1006, 384
-548, -731, 613
-530, -362, 1005
-696, 21, 1539
-1158, 274, 1907
-1361, 334, 1998
-,-,-
-292, 1042, 25
-940, 1750, -107
-1610, 1997, -400
-1943, 1958, -436
-1729, 1197, -225
-1100, -230, 318
-539, -1182, 948
-412, -1776, 1509
-352, -1998, 1997
-235, -1998, 1998
-334, -1998, 1998
-286, -1998, 1972
-26, -1998, 1858
224, -1998, 1936
435, -1998, 1850
434, -1998, 1471
246, -1998, 1029
-31, -1998, 707
-294, -1931, 550
-475, -1597, 410
-594, -1150, 403
-669, -582, 632
-873, 161, 1140
-1364, 868, 1746
-1659, 1636, 1998
-1752, 1997, 1998
-1614, 1884, 1997
-,-,-
-975, 1289, -360
-1195, 1777, -700
-1370, 1920, -752
-1281, 1616, -416
-1148, 916, 160
-1068, -147, 701
-895, -1673, 1539
-543, -1998, 1998
-368, -1998, 1998
-339, -1998, 1998
-110, -1998, 1998
218, -1998, 1981
327, -1998, 1998
181, -1998, 1903
-60, -1998, 1211
-350, -1780, 722
-548, -1162, 400
-772, -485, 370
-938, 68, 596
-991, 633, 1073
-1251, 1091, 1601
-1606, 1444, 1854
-1521, 1358, 1924
-974, 862, 1926
-373, 549, 1556
-123, 418, 1175
-30, 208, 1148
-,-,-
-993, 1526, -635
-1421, 1991, -651
-1708, 1976, -426
-1656, 1343, -232
-1419, 244, 562
-958, -874, 1663
-603, -1886, 1998
-287, -1998, 1998
-20, -1998, 1998
29, -1998, 1998
152, -1998, 1998
390, -1998, 1779
399, -1998, 1651
294, -1998, 1275
-33, -1998, 802
-467, -1649, 395
-814, -1067, 405
-978, -739, 567
-876, -472, 804
-922, -153, 1154
-1044, 191, 1412
-1059, 587, 1626
-1107, 893, 1978
-1089, 810, 1998
-925, 716, 1998
-526, 544, 1873
-186, 377, 1384
-1, 153, 1076
204, -186, 1136
-,-,-
-307, 892, -64
-758, 1475, -342
-1231, 1877, -561
-1489, 1997, -676
-1651, 1834, -708
-1562, 1092, -478
-1233, 49, -9
-773, -1126, 723
-267, -1977, 1593
-99, -1998, 1998
-305, -1998, 1998
-505, -1998, 1998
-428, -1998, 1998
-464, -1998, 1747
-701, -1998, 1958
-633, -1998, 1828
-384, -1998, 1576
-261, -1998, 1031
-214, -1949, 665
-301, -1678, 390
-452, -1333, 269
-617, -951, 256
-715, -479, 362
-815, 45, 817
-1136, 584, 1371
-1292, 1104, 1590
-1216, 1341, 1830
-1050, 1156, 1998
-895, 858, 1995
-711, 600, 1841
-369, 116, 1573
-,-,-
-247, 388, -202
-583, 863, -287
-915, 1407, -205
-1209, 1871, -403
-1477, 1997, -592
-1543, 1789, -310
-1218, 838, 239
-668, -365, 1211
-205, -1375, 1912
-17, -1973, 1998
8, -1998, 1998
-66, -1998, 1998
-176, -1998, 1998
-80, -1998, 1965
85, -1998, 1787
30, -1998, 1898
30, -1998, 1898
-121, -1998, 1631
-297, -1998, 1415
-469, -1841, 536
-469, -1841, 536
-494, -1435, 434
-553, -724, 531
-707, 152, 647
-1221, 882, 1105
-1571, 1465, 1721
-1481, 1769, 1926
-1451, 1785, 1988
-1225, 1321, 1799
-767, 648, 1585
-280, 57, 1213
69, -342, 915
187, -527, 852
172, -669, 1027
100, -734, 1206
-,-,-
-410, 500, -42
-687, 815, -382
-1126, 1272, -725
-1570, 1767, -728
-1664, 1616, -663
-1388, 723, -576
-956, -183, -20
-332, -976, 955
312, -1673, 1867
555, -1998, 1998
327, -1998, 1998
-115, -1998, 1998
-284, -1998, 1998
-352, -1998, 1949
-401, -1998, 1939
-455, -1998, 1893
-451, -1998, 1693
-230, -1998, 1227
-24, -1992, 770
44, -1770, 457
-95, -1319, 336
-393, -507, 455
-897, 343, 824
-1664, 1177, 1441
-1998, 1754, 1908
-1949, 1696, 1939
-1455, 1257, 1838
-876, 806, 1405
-289, 295, 1004
146, -196, 822
307, -508, 721
200, -576, 804
0, -592, 950
-,-,-
-177, 396, 87
-438, 787, 127
-626, 1187, -73
-803, 1665, -310
-1029, 1981, -255
-1193, 1759, 14
-1205, 1076, 344
-1029, 12, 1022
-690, -1029, 1675
-494, -1921, 1987
-83, -1998, 1998
209, -1998, 1998
209, -1998, 1843
66, -1998, 1357
-44, -1998, 1459
-98, -1998, 1398
-120, -1998, 1277
-223, -1998, 861
-396, -1882, 607
-554, -1430, 480
-655, -995, 466
-608, -405, 655
-594, 363, 935
-985, 1015, 1399
-1341, 1240, 1955
-1120, 1126, 1998
-848, 880, 1998
-639, 530, 1976
-296, 62, 1692
-296, 62, 1692
-78, -203, 1287
86, -459, 1022
-,-,-
-552, 716, 371
-893, 1212, 292
-1164, 1614, -94
-1234, 1685, -636
-1223, 1480, -674
-971, 533, -141
-366, -912, 849
219, -1955, 1724
451, -1998, 1998
448, -1998, 1998
379, -1998, 1998
294, -1998, 1998
395, -1998, 1900
500, -1998, 1856
533, -1998, 1257
395, -1998, 851
395, -1998, 851
198, -1998, 614
-3, -1860, 541
-197, -1482, 331
-373, -1000, 182
-648, -368, 427
-1128, 285, 1208
-1629, 875, 1885
-1664, 1244, 1998
-1301, 1100, 1998
-828, 686, 1995
-374, 241, 1760
37, -115, 1354
216, -271, 1018
-,-,-
-1856, 1611, -74
-1998, 1997, -1561
-1998, 1997, -1988
-1786, 1658, -1641
-1031, -157, -542
-368, -1647, 1136
-328, -1998, 1993
-648, -1998, 1998
-611, -1998, 1998
-416, -1998, 1998
-320, -1998, 1998
-84, -1998, 1998
244, -1998, 1998
462, -1998, 1877
472, -1998, 1352
335, -1998, 907
59, -1971, 523
-158, -1886, 278
-464, -1523, 209
-738, -1052, 23
-906, -627, 200
-942, -38, 728
-1147, 481, 1566
-1508, 1042, 1997
-1568, 1259, 1998
-,-,-
-1110, 572, -617
-1491, 1376, -872
-1822, 1986, -1267
-1821, 1990, -1447
-1370, 141, 719
-1370, 141, 719
-719, -1345, 1964
-51, -1998, 1998
-58, -1998, 1998
-444, -1933, 1998
-456, -1729, 1998
110, -1998, 1998
363, -1998, 1998
363, -1998, 1998
269, -1996, 1898
92, -1775, 1388
-29, -1521, 960
-157, -1302, 615
-224, -1142, 376
-268, -942, 380
-352, -403, 453
-493, 326, 692
-968, 872, 1127
-1413, 1283, 1639
-1417, 1492, 1716
-1128, 1437, 1586
-727, 1043, 1500
-360, 479, 1297
