-,-,-
196, 49, 909
180, 98, 878
180, 98, 878
118, 133, 823
-116, 202, 523
-529, 569, 42
-993, 1386, -728
-1521, 1995, -1361
-1905, 1997, -1407
-1842, 1991, -1462
-1398, 865, -1042
-574, -1180, -60
0, -1994, 913
-39, -1998, 1304
-229, -1998, 1767
-316, -1998, 1998
-211, -1998, 1998
-36, -1998, 1998
95, -1998, 1956
252, -1998, 1655
334, -1998, 1387
208, -1998, 1142
-20, -1998, 905
-345, -1998, 836
-698, -1809, 813
-972, -1278, 784
-1099, -407, 871
-1075, 471, 1051
-1277, 1416, 1338
-1657, 1997, 1680
-1991, 1997, 1940
-1642, 1708, 1810
-681, 573, 1498
154, -157, 1026
547, -351, 744
607, -360, 739
451, -243, 778
451, -243, 778
190, -115, 864
-13, -120, 958
-,-,-
-218, 278, 166
-771, 702, 58
-1636, 1730, -161
-1998, 1997, -340
-1998, 1997, -687
-1998, 1854, -839
-1461, -107, -214
-176, -1862, 973
810, -1998, 1810
1286, -1998, 1998
1291, -1998, 1998
824, -1998, 1994
348, -1998, 1745
-33, -1954, 1463
-235, -1801, 1219
-284, -1612, 910
-159, -1789, 743
-159, -1789, 743
-124, -1997, 604
-177, -1998, 739
-340, -1989, 855
-609, -1363, 748
-651, -75, 925
-1122, 961, 1359
-1885, 1921, 1976
-1998, 1997, 1998
-1602, 1806, 1998
-633, 881, 1850
164, 108, 1316
480, -137, 839
574, -299, 717
563, -406, 735
405, -307, 788
302, -330, 941
113, -259, 1102
-,-,-
-412, 656, 53
-842, 997, -243
-1451, 1574, -553
-1927, 1996, -913
-1998, 1997, -973
-1998, 1775, -955
-1667, 113, -272
-675, -1680, 1176
42, -1998, 1997
463, -1998, 1998
536, -1998, 1998
288, -1998, 1998
224, -1998, 1996
371, -1998, 1894
422, -1993, 1426
267, -1832, 1154
197, -1821, 895
204, -1967, 677
131, -1998, 475
16, -1998, 260
-114, -1998, 125
-335, -1998, 132
-652, -1746, 308
-884, -666, 691
-1111, 468, 1132
-1763, 1586, 1828
-1998, 1997, 1998
-1933, 1997, 1998
-1238, 1337, 1998
-275, -37, 1952
424, -620, 1396
504, -543, 906
298, -521, 869
298, -521, 869
51, -546, 1076
-86, -587, 1262
-129, -603, 1332
-98, -581, 1354
-,-,-
-523, 777, -38
-1059, 1457, -447
-1718, 1994, -922
-1997, 1997, -1381
-1998, 1879, -1312
-1603, 25, -542
-560, -1839, 1010
-9, -1998, 1993
92, -1998, 1998
-42, -1998, 1998
-114, -1998, 1998
111, -1920, 1974
332, -1741, 1590
373, -1616, 1309
304, -1564, 1252
231, -1540, 1117
207, -1623, 1081
270, -1851, 933
236, -1977, 803
124, -1998, 559
-77, -1998, 435
-316, -1915, 359
-635, -1541, 523
-877, -971, 688
-928, -177, 957
-928, -177, 957
-1033, 795, 1306
-1619, 1811, 1713
-1964, 1997, 1988
-1463, 1723, 1991
113, 156, 1439
113, 156, 1439
341, -89, 1045
306, -242, 947
196, -420, 1033
38, -453, 1149
-125, -320, 1179
-180, -241, 1181
-135, -282, 1208
-,-,-
-463, 788, 52
-807, 1248, -115
-1259, 1776, -326
-1633, 1997, -484
-1806, 1594, -449
-1613, 571, -158
-1037, -558, 389
-409, -1424, 1071
169, -1972, 1748
610, -1998, 1998
614, -1998, 1998
426, -1998, 1998
307, -1939, 1990
182, -1702, 1655
-5, -1579, 1458
-179, -1490, 1527
-138, -1546, 1458
-96, -1539, 1299
-88, -1606, 1101
21, -1855, 938
52, -1998, 810
-99, -1998, 738
-282, -1998, 599
-552, -1952, 367
-796, -1410, 147
-905, -668, -147
-1137, 429, -57
-1499, 1613, 756
-1923, 1997, 1878
-1965, 1857, 1998
-1465, 1131, 1998
-784, 484, 1998
-260, 48, 1694
84, -272, 1152
84, -272, 1152
152, -340, 922
25, -302, 749
-52, -350, 800
-107, -439, 900
-123, -521, 1054
-138, -550, 1138
-,-,-
-601, 1009, -107
-811, 1418, -212
-811, 1418, -296
-972, 1566, -296
-1065, 1288, -232
-661, -412, 1053
-271, -1429, 1602
-60, -1995, 1985
11, -1998, 1998
11, -1998, 1998
-152, -1962, 1998
-297, -1734, 1998
-209, -1552, 1917
-150, -1435, 1886
-24, -1397, 1662
106, -1346, 1440
213, -1380, 1161
271, -1519, 954
257, -1712, 740
257, -1712, 740
128, -1868, 611
-125, -1870, 564
-357, -1775, 473
-486, -1547, 344
-594, -1192, 246
-681, -587, 295
-547, 278, 648
-707, 1133, 1006
-1259, 1808, 1409
-1626, 1958, 1707
-1390, 1411, 1811
-868, 677, 1797
-314, -11, 1722
-24, -277, 1459
127, -402, 1337
106, -486, 1312
-11, -528, 1376
-152, -469, 1366
-,-,-
-438, 559, 55
-902, 949, -98
-902, 949, -98
-1332, 1367, -267
-1702, 1733, -724
-1899, 1826, -1085
-1206, 62, -245
-1206, 62, -245
-468, -1204, 944
119, -1965, 1928
274, -1998, 1998
149, -1998, 1998
96, -1998, 1998
71, -1998, 1998
-49, -1998, 1781
-281, -1998, 1785
-393, -1997, 1543
-372, -1974, 1477
-146, -1998, 1198
77, -1998, 1004
138, -1998, 913
-6, -1998, 714
-212, -1974, 520
-353, -1798, 316
-488, -1501, 255
-674, -1156, 219
-921, -512, 232
-1017, 470, 392
-1105, 1179, 919
-1592, 1442, 1720
-1557, 1472, 1998
-1082, 1032, 1992
-556, 452, 1908
-78, -23, 1657
182, -219, 1457
301, -382, 1193
351, -523, 1114
247, -568, 1134
71, -532, 1195
-,-,-
-567, 665, -246
-820, 1303, -504
-1231, 1928, -858
-1691, 1997, -925
-1826, 1476, -615
-1524, 21, 300
-870, -1452, 1690
-274, -1998, 1998
-177, -1998, 1998
-93, -1998, 1998
21, -1998, 1998
141, -1998, 1967
176, -1998, 1568
-9, -1998, 1393
-119, -1998, 1350
-135, -1998, 1257
-169, -1998, 980
-239, -1998, 742
-345, -1946, 631
-431, -1783, 549
-484, -1587, 529
-561, -1283, 407
-658, -941, 334
-768, -485, 501
-721, 34, 830
-778, 717, 1129
-1116, 1327, 1565
-1321, 1551, 1985
-1119, 1230, 1998
-681, 751, 1951
-259, 345, 1539
201, -110, 1330
201, -110, 1330
264, -197, 1036
260, -320, 1035
168, -398, 1067
33, -403, 1147
-,-,-
-140, 355, 67
-389, 598, 41
-556, 836, -133
-673, 1045, -253
-753, 1275, -351
-818, 1485, -498
-983, 1577, -531
-1147, 1322, -307
-1134, 497, 258
-846, -814, 1130
-520, -1895, 1876
-560, -1998, 1998
-473, -1998, 1998
-359, -1998, 1998
-383, -1998, 1911
-425, -1998, 1998
-292, -1998, 1829
-212, -1998, 1606
-135, -1998, 1195
-113, -1998, 939
-204, -1998, 657
-373, -1998, 452
-520, -1866, 314
-543, -1569, 115
-472, -1277, -60
-434, -1051, -206
-633, -618, -97
-661, -103, 499
-831, 483, 1160
-1421, 1477, 1918
-1709, 1994, 1998
-1184, 1765, 1998
-584, 1137, 1987
-192, 614, 1758
-16, 243, 1411
66, 10, 1160
87, -170, 1024
87, -170, 1024
51, -246, 941
-34, -242, 952
-54, -284, 968
-18, -358, 978
4, -407, 1025
-,-,-
-61, 283, 210
-265, 465, 156
-478, 710, 79
-644, 1081, -146
-827, 1543, -385
-1013, 1802, -534
-1130, 1694, -562
-1110, 1244, -544
-819, 467, -312
-393, -592, 306
-29, -1593, 1333
-66, -1998, 1975
-150, -1998, 1998
-207, -1998, 1998
-15, -1998, 1998
90, -1998, 1907
14, -1998, 1978
-83, -1998, 1814
-177, -1998, 1451
-95, -1998, 989
-84, -1998, 620
-84, -1998, 620
-219, -1998, 278
-347, -1945, 47
-468, -1667, -158
-599, -1189, -156
-598, -624, -85
-443, 190, 531
-846, 1097, 1358
-1871, 1924, 1995
-1998, 1997, 1998
-1690, 1493, 1998
-509, 296, 1751
376, -464, 1137
613, -644, 750
520, -687, 766
242, -619, 875
26, -562, 909
-72, -527, 957
-62, -522, 973
-62, -522, 973
-55, -511, 1046
-54, -473, 1074
-,-,-
-525, 1032, -348
-714, 1253, -541
-931, 1327, -678
-1010, 1322, -770
-992, 1106, -729
-881, 605, -312
-667, -73, 426
-464, -639, 951
-540, -995, 1539
-775, -1402, 1998
-791, -1594, 1998
-735, -1581, 1998
-663, -1540, 1998
-429, -1740, 1997
-207, -1943, 1774
-243, -1951, 1600
-273, -1845, 1398
-304, -1713, 1111
-172, -1703, 925
-59, -1801, 853
9, -1968, 711
-68, -1998, 592
-315, -1998, 451
-667, -1998, 347
-953, -1998, 151
-1139, -1950, -118
-1320, -1430, -299
-1364, -559, -311
-1016, 553, 192
-1182, 1357, 1099
-1888, 1949, 1923
-1998, 1997, 1998
-1751, 1968, 1998
-942, 1277, 1944
-295, 524, 1509
78, 52, 1218
301, -275, 1052
239, -301, 981
51, -268, 1055
-140, -252, 1097
-240, -312, 1297
-,-,-
-169, 279, 208
-286, 404, 61
-505, 623, 37
-708, 955, -147
-911, 1355, -295
-1124, 1638, -276
-1217, 1488, -193
-1103, 973, 74
-848, 219, 620
-848, 219, 620
-462, -506, 1120
-278, -1033, 1484
-112, -1712, 1776
116, -1998, 1998
248, -1998, 1997
82, -1998, 1715
-186, -1998, 1429
-408, -1998, 1432
-563, -1998, 1711
-560, -1998, 1734
-324, -1990, 962
-213, -1973, 830
-213, -1973, 759
-222, -1948, 759
-343, -1840, 670
-467, -1697, 518
-617, -1522, 490
-752, -1117, 409
-760, -429, 305
-566, 340, 359
-483, 1111, 800
-758, 1751, 1329
-1262, 1912, 1948
-1287, 1493, 1998
-761, 751, 1970
-114, 94, 1530
317, -233, 1147
391, -323, 955
288, -410, 953
132, -477, 1045
-15, -462, 1116
-100, -430, 1175
-122, -452, 1247
-,-,-
-538, 577, 35
-538, 577, 35
-1013, 1140, -34
-1427, 1831, -195
-1547, 1997, -454
-1418, 1899, -688
-1086, 857, -555
-656, -431, 314
-231, -1618, 1368
222, -1998, 1958
463, -1998, 1998
266, -1998, 1998
30, -1998, 1998
-9, -1998, 1898
-162, -1998, 1565
-340, -1998, 1487
-426, -1996, 1151
-335, -1974, 1003
-200, -1998, 718
-92, -1998, 637
-107, -1998, 522
-246, -1962, 480
-343, -1837, 417
-495, -1545, 520
-660, -1139, 450
-800, -580, 494
-764, 115, 960
-889, 945, 1452
-1166, 1888, 1649
-1233, 1997, 1738
-922, 1656, 1949
-454, 700, 1932
-23, 6, 1828
250, -305, 1481
374, -449, 1151
371, -571, 1015
315, -627, 977
315, -627, 977
225, -603, 925
131, -530, 943
70, -476, 1035
65, -502, 1192
99, -550, 1310
106, -550, 1411
-,-,-
-548, 759, -277
-1370, 1703, -606
-1987, 1997, -894
-1998, 1997, -1056
-1998, 1710, -917
-1577, -214, -153
-544, -1887, 1077
-28, -1998, 1974
205, -1998, 1998
-26, -1998, 1998
-462, -1996, 1998
-508, -1819, 1998
-337, -1700, 1981
-199, -1593, 1700
-153, -1438, 1382
-184, -1293, 1161
-176, -1171, 933
-107, -1127, 823
19, -1192, 617
71, -1347, 484
69, -1582, 421
-41, -1743, 376
-252, -1706, 329
-412, -1502, 221
-527, -1267, 238
-615, -1024, 302
-667, -645, 482
-573, -115, 818
-529, 297, 1204
-529, 297, 1204
-716, 801, 1773
-1032, 1201, 1998
-1118, 1334, 1998
-826, 1069, 1849
-392, 610, 1421
46, 98, 1081
305, -240, 886
323, -395, 886
235, -462, 1005
99, -461, 1123
-32, -457, 1271
-114, -484, 1382
-137, -492, 1419
-,-,-
-53, 456, -164
-265, 711, -476
-672, 1319, -626
-964, 1950, -744
-1215, 1974, -1023
-1522, 1513, -802
-1510, 438, -52
-1148, -616, 816
-802, -1261, 1494
-521, -1839, 1915
-390, -1998, 1998
-524, -1998, 1998
-767, -1983, 1998
-660, -1998, 1590
-591, -1998, 1441
-545, -1998, 1390
-517, -1998, 1173
-296, -1998, 1050
-107, -1998, 956
-67, -1998, 850
-153, -1987, 642
-371, -1743, 541
-644, -1403, 492
-900, -955, 414
-1051, -419, 480
-957, 384, 769
-957, 384, 769
-798, 1043, 1041
-983, 1562, 1341
-1174, 1657, 1774
-927, 1255, 1839
-398, 688, 1641
1, 237, 1327
154, -54, 1064
191, -228, 910
166, -349, 868
108, -432, 860
29, -452, 929
29, -452, 929
-68, -439, 1020
-126, -432, 1073
-125, -435, 1131
-88, -457, 1205
-,-,-
-250, 660, -95
-619, 1024, -533
-1077, 1595, -829
-1444, 1997, -1021
-1650, 1997, -952
-1548, 1817, -561
-1258, 866, 24
-928, -314, 1052
-701, -1380, 1929
-530, -1995, 1998
-311, -1998, 1998
-362, -1998, 1998
-433, -1998, 1998
-387, -1998, 1998
-327, -1998, 1674
-362, -1985, 1393
-324, -1819, 1051
-278, -1739, 788
-260, -1746, 507
-450, -1645, 423
-699, -1480, 379
-823, -1296, 368
-843, -1039, 341
-791, -707, 344
-661, -346, 452
-348, 3, 904
-348, 3, 904
-283, 270, 1381
-640, 706, 1842
-861, 1127, 1998
-851, 1193, 1998
-750, 1044, 1969
-517, 741, 1668
-266, 457, 1278
93, 12, 1055
232, -255, 877
232, -255, 877
188, -362, 952
44, -379, 1009
-29, -416, 1101
-61, -473, 1202
-44, -562, 1323
5, -653, 1433
-,-,-
-297, 602, -194
-584, 1090, -315
-918, 1647, -435
-1216, 1977, -684
-1501, 1982, -840
-1740, 1589, -705
-1667, 763, -188
-1323, -287, 543
-781, -1544, 1290
-338, -1998, 1946
-105, -1998, 1998
-242, -1998, 1998
-382, -1998, 1998
-253, -1998, 1825
-273, -1998, 1898
-356, -1998, 1627
-368, -1998, 1525
-247, -1984, 886
-233, -1856, 653
-233, -1856, 653
-245, -1660, 498
-370, -1416, 389
-536, -1172, 350
-623, -936, 330
-646, -704, 352
-594, -14, 535
-477, 777, 778
-668, 1291, 1217
-1004, 1525, 1842
-1019, 1265, 1998
-739, 751, 1998
-312, 252, 1799
42, -108, 1363
194, -289, 1041
250, -429, 897
219, -494, 845
114, -480, 884
12, -454, 1029
12, -454, 1029
-46, -466, 1193
-89, -468, 1400
-,-,-
-7, 256, 68
-110, 321, -99
-343, 494, -127
-617, 1080, -156
-877, 1839, -438
-1340, 1997, -522
-1684, 1997, -40
-1653, 1656, 468
-1304, 236, 979
-684, -1201, 1594
-269, -1979, 1629
-131, -1998, 1762
49, -1998, 1858
149, -1998, 1569
227, -1998, 1309
107, -1998, 1105
-127, -1998, 1177
-242, -1998, 1126
-286, -1998, 1001
-193, -1960, 726
-113, -1882, 510
-134, -1840, 360
-304, -1695, 305
-505, -1436, 281
-659, -1182, 194
-726, -924, 189
-643, -556, 343
-646, 92, 554
-646, 92, 554
-767, 620, 781
-1196, 1099, 1616
-1413, 1246, 1998
-1141, 947, 1998
-662, 670, 1970
-311, 377, 1612
-71, 29, 1222
67, -266, 1035
68, -442, 989
-47, -485, 1040
-47, -485, 1040
-172, -487, 1095
-255, -494, 1162
-264, -519, 1233
-241, -540, 1354
-,-,-
-455, 974, -309
-975, 1361, -513
-1539, 1767, -517
-1809, 1791, -493
-1665, 1044, -522
-1266, 99, -339
-925, -711, 251
-482, -1672, 1017
88, -1998, 1729
207, -1998, 1965
34, -1998, 1998
-114, -1998, 1997
-251, -1998, 1794
-541, -1998, 1847
-626, -1998, 1891
-550, -1998, 1657
-482, -1940, 1173
-405, -1821, 991
-271, -1849, 1023
-229, -1822, 946
-319, -1658, 702
-428, -1395, 554
-530, -1129, 506
-621, -825, 463
-745, -295, 381
-748, 506, 442
-793, 1119, 955
-1027, 1198, 1498
-1098, 1070, 1889
-937, 854, 1870
-673, 603, 1632
-340, 276, 1384
-126, 92, 1185
-126, 92, 1185
2, -41, 1016
79, -187, 928
85, -247, 937
11, -263, 978
-47, -288, 1083
-94, -331, 1254
-112, -331, 1430
-112, -362, 1430
-103, -389, 1540
-,-,-
-535, 975, -196
-897, 1533, -278
-1343, 1907, -347
-1545, 1862, -264
-1465, 1206, 163
-1197, 172, 710
-829, -808, 1297
-529, -1534, 1838
-327, -1973, 1998
-451, -1998, 1996
-374, -1998, 1832
-179, -1998, 1431
-131, -1998, 1219
-336, -1998, 1332
-420, -1998, 1135
-367, -1998, 1075
-211, -1998, 708
-248, -1998, 532
-401, -1968, 366
-641, -1660, 345
-641, -1660, 345
-840, -1264, 175
-981, -843, 168
-971, -567, 278
-864, 32, 585
-721, 663, 1013
-898, 922, 1689
-1009, 908, 1998
-817, 684, 1998
-513, 469, 1991
-238, 203, 1675
118, -233, 1276
222, -433, 969
191, -517, 838
116, -560, 793
116, -560, 793
6, -572, 846
-74, -639, 975
-134, -697, 1114
-141, -743, 1222
-138, -759, 1347
-,-,-
-223, 676, 86
-440, 1086, -201
-798, 1505, -454
-1150, 1931, -507
-1331, 1744, -566
-1269, 1027, -482
-1210, 165, 28
-1032, -733, 877
-800, -1661, 1827
-632, -1998, 1998
-482, -1998, 1998
-368, -1998, 1998
-274, -1998, 1976
-320, -1998, 1571
-367, -1998, 1431
-335, -1998, 1054
-351, -1998, 1033
-296, -1998, 727
-327, -1998, 476
-376, -1946, 225
-419, -1827, 92
-529, -1658, 70
-679, -1403, 134
-781, -1103, 246
-717, -713, 364
-568, -214, 772
-716, 380, 1321
-1162, 1040, 1897
-1308, 1342, 1998
-1097, 1154, 1998
-696, 731, 1998
-290, 289, 1745
50, -71, 1261
198, -215, 849
185, -304, 715
55, -365, 813
-104, -406, 979
-104, -406, 979
-207, -413, 1107
-227, -459, 1224
-,-,-
-490, 712, -23
-490, 712, -23
-1003, 1386, -260
-1650, 1969, -345
-1998, 1997, -288
-1982, 123, 144
-1982, 123, 144
-1305, -1800, 1297
-362, -1998, 1998
-155, -1998, 1998
-103, -1998, 1963
-60, -1998, 1716
0, -1998, 1844
-53, -1998, 1510
-53, -1998, 1510
-217, -1984, 1143
-369, -1405, 689
-378, -1282, 604
-369, -1256, 503
-430, -1118, 411
-529, -901, 294
-529, -901, 294
-564, -733, 256
-602, -604, 356
-622, -393, 562
-548, -35, 911
-586, 289, 1341
-798, 593, 1841
-857, 815, 1998
-769, 916, 1931
-552, 729, 1750
-278, 353, 1529
-110, 72, 1212
-22, -143, 954
-22, -143, 954
35, -309, 822
79, -455, 703
78, -454, 688
0, -411, 711
-85, -400, 790
-85, -400, 790
-106, -457, 907
-81, -515, 994
-50, -533, 1007
-57, -498, 1085
-37, -493, 1140
11, -529, 1264
20, -556, 1453
10, -566, 1690
-,-,-
-148, 327, -118
-148, 327, -118
-242, 423, -98
-373, 623, -143
-574, 991, -239
-761, 1418, -290
-940, 1627, -346
-965, 1453, -193
-784, 864, 100
-462, 155, 381
-189, -533, 875
76, -1292, 1207
74, -1776, 1557
-46, -1998, 1901
-189, -1998, 1998
-213, -1998, 1998
-238, -1998, 1875
-262, -1998, 1998
-88, -1998, 1998
40, -1998, 1793
105, -1992, 1324
4, -1785, 1064
-190, -1524, 875
-331, -1344, 693
-454, -1119, 526
-588, -772, 519
-667, -212, 627
-704, 334, 764
-704, 334, 764
-899, 670, 1031
-1213, 1028, 1495
-1212, 1051, 1765
-1065, 955, 1736
-809, 785, 1567
-505, 526, 1286
-196, 238, 1098
-108, 76, 883
-36, -96, 848
-10, -245, 847
-28, -322, 880
-57, -384, 892
-57, -384, 892
-62, -445, 922
-45, -508, 949
-11, -561, 970
23, -569, 969
27, -541, 998
31, -530, 1050
18, -510, 1073
18, -510, 1073
-12, -471, 1133
-47, -427, 1253
-78, -408, 1355
-,-,-
-673, 949, -385
-1057, 1522, -342
-1377, 1893, -310
-1504, 1925, -392
-1426, 1372, -311
-1191, 340, -16
-823, -751, 472
-472, -1630, 1068
-104, -1998, 1455
88, -1998, 1878
5, -1998, 1996
-212, -1998, 1800
-502, -1998, 1572
-756, -1963, 1643
-739, -1900, 1787
-597, -1770, 1623
-425, -1615, 1422
-239, -1605, 1247
-102, -1646, 1093
-66, -1721, 900
-79, -1727, 729
-171, -1620, 626
-327, -1326, 521
-552, -865, 356
-787, -209, 326
-793, 333, 495
-758, 968, 740
-938, 1291, 1231
-1122, 1149, 1863
-1080, 861, 1998
-824, 600, 1892
-824, 600, 1892
-454, 275, 1471
-122, -46, 1159
20, -274, 968
47, -399, 912
-26, -404, 852
-115, -347, 849
-159, -360, 935
-168, -382, 1054
-162, -383, 1128
-,-,-
-17, 412, 262
-278, 643, 1
-732, 1027, -450
-1292, 1778, -1120
-1876, 1997, -1403
-1998, 1997, -1514
-1998, 1751, -1224
-1982, 124, -241
-1415, -1733, 1105
-966, -1998, 1996
-781, -1998, 1998
-111, -1998, 1998
3, -1998, 1902
3, -1998, 1902
53, -1998, 1987
122, -1998, 1579
162, -1998, 1318
127, -1998, 1000
-12, -1914, 863
-254, -1781, 773
-514, -1613, 731
-740, -1450, 721
-876, -1150, 746
-846, -530, 663
-572, 435, 701
-445, 1158, 895
-960, 1772, 1418
-1858, 1997, 1934
-1903, 1996, 1796
-993, 1151, 1382
134, -297, 1043
624, -652, 772
455, -433, 760
107, -299, 935
-140, -341, 1107
-228, -350, 1180
-199, -331, 1176
-179, -296, 1204
-163, -306, 1235
-159, -335, 1335
-,-,-
-1050, 1068, -425
-1764, 1816, -482
-1998, 1997, -497
-1998, 1996, -606
-1998, 1272, -517
-1917, -472, -13
-1026, -1919, 967
108, -1998, 1943
771, -1998, 1998
951, -1998, 1998
717, -1998, 1998
298, -1998, 1817
-77, -1950, 1903
-307, -1624, 1757
-380, -1298, 1505
-338, -1175, 1211
-112, -1451, 717
-112, -1451, 421
7, -1702, 421
36, -1798, 271
-39, -1824, 163
-241, -1560, 218
-489, -859, 475
-491, 54, 788
-848, 832, 1509
-1544, 1848, 1998
-1962, 1997, 1998
-1614, 1926, 1904
-633, 854, 1511
222, -144, 997
650, -595, 702
681, -697, 615
514, -702, 640
514, -702, 640
280, -629, 764
70, -522, 984
-92, -463, 1042
-168, -413, 1074
-137, -388, 1074
-41, -434, 1101
61, -496, 1098
91, -483, 1159
-,-,-
-113, 292, 357
-423, 700, 259
-976, 1379, 80
-1651, 1990, -156
-1998, 1997, -612
-1998, 1993, -981
-1997, 772, -894
-1517, -1330, 159
-784, -1998, 1500
-93, -1998, 1998
486, -1998, 1998
510, -1998, 1998
114, -1998, 1878
-195, -1998, 1851
-413, -1998, 1723
-492, -1937, 1649
-548, -1576, 1283
-503, -1350, 1060
-400, -1411, 874
-301, -1587, 677
-209, -1797, 432
-129, -1959, 273
-127, -1809, 158
-178, -1539, -82
-437, -984, 80
-806, -316, 516
-1532, 567, 1485
-1981, 1482, 1998
-1820, 1809, 1998
-1200, 1464, 1996
-578, 880, 1703
-128, 332, 1231
182, -43, 894
257, -162, 706
160, -235, 741
3, -320, 872
-84, -421, 960
-84, -421, 960
-103, -479, 995
-98, -480, 953
-63, -486, 963
-28, -517, 1019
-5, -546, 1092
-,-,-
-1390, 1591, -247
-1800, 1986, -129
-1998, 1944, -159
-1911, 1376, -253
-1600, 491, -122
-1168, -484, 236
-601, -1615, 747
-27, -1998, 1483
464, -1998, 1870
510, -1998, 1991
148, -1998, 1788
-101, -1998, 1673
-352, -1998, 1705
-490, -1998, 1903
-573, -1963, 1693
-536, -1713, 1485
-376, -1584, 1173
-244, -1521, 934
-194, -1513, 637
-240, -1581, 447
-274, -1645, 289
-293, -1694, 43
-389, -1569, -176
-513, -1216, -358
-596, -810, -261
-700, 73, 324
-996, 1008, 1088
-1439, 1263, 1918
-1475, 1002, 1998
-1162, 717, 1998
-744, 501, 1998
-356, 164, 1795
1, -159, 1334
176, -383, 897
155, -376, 697
18, -293, 626
-134, -285, 694
-161, -448, 911
-161, -448, 911
-143, -612, 1084
-,-,-
-371, 802, -49
-968, 1254, -233
-1641, 1903, -348
-1998, 1997, -612
-1998, 1915, -872
-1821, 738, -715
-1057, -952, -50
-297, -1960, 1006
216, -1998, 1895
375, -1998, 1998
296, -1998, 1998
161, -1998, 1962
-90, -1998, 1998
-294, -1923, 1998
-473, -1633, 1998
-401, -1377, 1769
-233, -1175, 1480
-50, -1139, 1226
96, -1192, 1009
121, -1329, 799
80, -1482, 639
-109, -1596, 544
-315, -1612, 461
-383, -1552, 342
-445, -1334, 274
-503, -977, 268
-595, -484, 350
-620, 200, 462
-876, 1208, 1148
-1398, 1946, 1702
-1528, 1859, 1998
-983, 1022, 1998
-139, 102, 1854
351, -335, 1297
434, -446, 1019
273, -421, 943
49, -342, 1016
-94, -313, 1046
-94, -313, 1069
-140, -332, 1069
-145, -343, 1104
-148, -322, 1141
-,-,-
-323, 420, -42
-882, 850, -66
-882, 850, -66
-1628, 1745, -48
-1998, 1997, -300
-1998, 1997, -661
-1998, 1760, -649
-1605, -484, 1
-635, -1985, 1555
255, -1998, 1998
510, -1998, 1998
190, -1998, 1998
65, -1998, 1998
59, -1998, 1998
-37, -1998, 1998
-147, -1994, 1767
-146, -1742, 1469
-124, -1457, 1154
-130, -1232, 880
-152, -1161, 611
-215, -1186, 463
-368, -1206, 391
-443, -1151, 322
-514, -995, 317
-562, -776, 342
-575, -465, 520
-465, -167, 723
-496, 89, 1009
-581, 541, 1452
-727, 829, 1946
-929, 918, 1998
-843, 755, 1998
-471, 359, 1727
-93, -36, 1271
-93, -36, 1271
129, -285, 990
164, -398, 840
69, -405, 803
-42, -402, 823
-112, -414, 874
-126, -458, 908
-133, -471, 947
-157, -464, 943
-112, -521, 974
-79, -560, 1017
-79, -560, 1017
-,-,-
-1354, 1833, -753
-1768, 1997, -1117
-1998, 1996, -1079
-1936, 1272, -830
-1520, -304, -218
-938, -1680, 537
-533, -1998, 1347
-145, -1998, 1842
-14, -1998, 1998
-89, -1998, 1998
-179, -1998, 1998
-180, -1998, 1858
-313, -1947, 1739
-408, -1707, 1467
-438, -1451, 1246
-418, -1288, 1024
-291, -1255, 873
-200, -1254, 674
-132, -1325, 462
-166, -1438, 282
-301, -1533, 211
-431, -1592, 130
-589, -1501, 57
-812, -1167, 3
-1031, -705, 103
-985, -399, 435
-636, 126, 945
-317, 809, 1353
-440, 1317, 1875
-641, 1367, 1998
-593, 957, 1998
-269, 314, 1995
82, -236, 1687
184, -399, 1247
148, -430, 997
31, -509, 962
31, -509, 962
-129, -517, 1016
-225, -473, 1032
-,-,-
-61, 385, 76
-744, 783, -294
-1729, 1757, -712
-1998, 1997, -1434
-1998, 1997, -1997
-1998, 1955, -1997
-1871, -145, -1192
-765, -1998, 1952
-218, -1998, 1998
-150, -1998, 1998
-351, -1998, 1998
-412, -1998, 1998
-540, -1998, 1998
-570, -1998, 1938
-522, -1998, 1699
-455, -1998, 1177
-380, -1998, 825
-428, -1998, 699
-639, -1998, 789
-940, -1599, 788
-1098, -572, 645
-902, 531, 654
-848, 1619, 1179
-1298, 1997, 1916
-1819, 1997, 1998
-1549, 1930, 1998
-499, 925, 1716
249, 78, 1083
475, -237, 729
451, -280, 616
451, -280, 616
340, -290, 649
190, -290, 781
28, -219, 944
-106, -157, 1161
-202, -153, 1320
-,-,-
-233, 340, -304
-233, 340, -304
-771, 1002, -347
-1554, 1891, -169
-1998, 1997, 47
-1998, 1997, -180
-1998, 1779, -583
-1849, -334, -89
-872, -1926, 1369
-155, -1998, 1998
571, -1998, 1998
304, -1998, 1998
41, -1998, 1889
41, -1998, 1889
-185, -1998, 1546
-541, -1998, 1441
-641, -1998, 1340
-415, -1998, 718
-401, -1965, 517
-466, -1765, 405
-466, -1765, 405
-602, -1466, 423
-679, -1147, 303
-752, -731, 368
-693, -108, 702
-667, 471, 1207
-872, 1212, 1807
-1251, 1684, 1998
-1198, 1541, 1998
-781, 961, 1966
-226, 284, 1491
182, -237, 1078
258, -338, 742
243, -354, 778
151, -346, 881
25, -302, 1063
-73, -292, 1183
-106, -286, 1232
-,-,-
-341, 635, 150
-552, 893, -144
-1048, 1725, -303
-1640, 1997, -407
-1970, 1997, -716
-1975, 1891, -819
-1784, 791, -313
-1449, -628, 641
-958, -1804, 1652
-183, -1998, 1998
51, -1998, 1998
119, -1998, 1998
332, -1998, 1998
419, -1998, 1787
322, -1998, 1619
130, -1997, 1494
25, -1902, 1087
18, -1738, 670
63, -1741, 354
-11, -1754, 221
-136, -1908, 138
-346, -1998, 277
-660, -1919, 430
-870, -1751, 396
-929, -956, 428
-929, -956, 428
-1002, -112, 800
-1235, 665, 1524
-1641, 1113, 1995
-1539, 1507, 1998
-1103, 1474, 1998
-171, 512, 1421
-171, 512, 1421
191, 152, 1154
237, 102, 971
193, -15, 972
137, -200, 1177
55, -275, 1312
-25, -189, 1352
-105, -100, 1346
-95, -120, 1369
-34, -207, 1384
-,-,-
-922, 1574, -302
-1510, 1997, -431
-1986, 1997, -659
-1998, 1694, -674
-989, -1902, 1351
-329, -1998, 1998
200, -1998, 1998
503, -1998, 1998
284, -1998, 1998
90, -1998, 1998
-65, -1998, 1705
-262, -1998, 1572
-309, -1998, 1201
-323, -1961, 955
-338, -1814, 524
-330, -1712, 245
-339, -1665, 213
-378, -1628, 290
-521, -1355, 419
-647, -695, 631
-647, -695, 631
-526, 243, 951
-711, 1158, 1497
-1268, 1911, 1983
-1440, 1961, 1998
-1046, 1327, 1998
-387, 481, 1816
148, -119, 1220
403, -402, 946
383, -453, 860
205, -393, 905
20, -335, 1015
-94, -370, 1166
-114, -449, 1332
-115, -473, 1449
-,-,-
-663, 1098, -34
-690, 1307, -245
-688, 1470, -388
-691, 1331, -402
-670, 945, -208
-580, 411, -79
-579, -241, 434
-424, -1109, 942
-116, -1973, 1478
-63, -1998, 1914
-435, -1998, 1998
-559, -1998, 1998
-571, -1998, 1910
-663, -1998, 1973
-618, -1998, 1824
-401, -1998, 1543
-237, -1998, 1036
-154, -1998, 651
-234, -1998, 494
-415, -1998, 357
-712, -1857, 365
-976, -1348, 301
-1080, -551, 299
-860, 521, 636
-1072, 1707, 1031
-1662, 1997, 1787
-1865, 1997, 1998
-1336, 1858, 1998
-494, 927, 1714
219, 61, 1216
491, -339, 808
535, -559, 743
402, -609, 791
202, -561, 890
202, -561, 890
43, -510, 1016
-67, -448, 1123
-125, -401, 1274
-,-,-
-347, 948, 86
-762, 1789, -122
-1402, 1997, -266
-1918, 1997, -402
-1998, 1619, -417
-1865, -128, 56
-1231, -1712, 772
-704, -1998, 1275
-375, -1998, 1904
-20, -1998, 1998
121, -1998, 1998
120, -1998, 1991
45, -1991, 1721
-105, -1828, 1484
-341, -1649, 1444
-429, -1532, 1150
-429, -1535, 1029
-353, -1576, 647
-357, -1745, 374
-407, -1879, 203
-511, -1681, 150
-583, -1351, 36
-648, -982, 87
-621, -521, 328
-611, 226, 709
-790, 900, 1352
-1072, 1190, 1946
-1092, 1079, 1998
-855, 796, 1998
-542, 538, 1802
-248, 235, 1409
-18, -104, 1141
34, -271, 993
34, -271, 993
-14, -275, 935
-98, -275, 903
-186, -266, 989
-249, -300, 1115
-273, -328, 1260
-289, -345, 1305
-293, -361, 1395
-,-,-
-449, 809, 148
-949, 1382, -16
-1566, 1959, 204
-1966, 1997, 215
-1998, 1997, -214
-1835, 1406, -450
-1585, 43, -282
-1144, -1557, 233
-362, -1998, 825
286, -1998, 1628
129, -1998, 1998
-218, -1998, 1998
-501, -1998, 1980
-760, -1998, 1914
-797, -1998, 1979
-572, -1998, 1922
-375, -1839, 1307
-305, -1539, 701
-255, -1463, 461
-302, -1436, 401
-412, -1294, 411
-518, -955, 456
-543, -350, 611
-565, 313, 982
-896, 956, 1242
-1252, 1668, 1545
-1249, 1796, 1799
-977, 1343, 1778
-609, 657, 1475
-151, -7, 1221
116, -244, 913
227, -343, 765
200, -421, 808
200, -421, 808
85, -459, 883
-52, -435, 974
-140, -379, 1027
-152, -337, 1022
-117, -344, 1032
-81, -378, 1116
-69, -428, 1184
-51, -449, 1298
-,-,-
90, 525, -5
-137, 674, -82
-521, 942, -132
-935, 1452, -159
-1459, 1963, -99
-1862, 1997, -99
-1982, 1706, -182
-1870, 627, -99
-1530, -863, 510
-908, -1976, 1334
-134, -1998, 1955
296, -1998, 1998
333, -1998, 1998
189, -1998, 1944
-20, -1998, 1681
-284, -1998, 1768
-463, -1954, 1731
-544, -1723, 1467
-554, -1463, 1159
-415, -1505, 795
-291, -1624, 535
-249, -1635, 286
-273, -1464, 11
-387, -1051, -113
-521, -559, -150
-637, -35, 45
-836, 383, 725
-1324, 881, 1830
-1538, 1215, 1998
-1273, 1164, 1998
-806, 790, 1973
-336, 275, 1643
-45, -48, 1292
-3, -114, 1056
-3, -114, 1056
-64, -119, 941
-158, -192, 950
-252, -275, 1035
-317, -334, 1105
-338, -374, 1164
-334, -421, 1259
-,-,-
-115, 328, 383
-414, 759, 412
-875, 1591, 353
-1374, 1997, 140
-1740, 1997, -145
-1816, 1920, -319
-1650, 860, -280
-1297, -623, -41
-765, -1856, 611
-125, -1998, 1468
533, -1998, 1997
416, -1998, 1979
95, -1998, 1998
-222, -1998, 1911
-421, -1998, 1901
-418, -1998, 1943
-325, -1998, 1685
-255, -1930, 973
-219, -1710, 468
-243, -1598, 287
-222, -1567, 166
-324, -1339, 220
-482, -749, 366
-637, -7, 651
-1062, 970, 1275
-1739, 1834, 1975
-1989, 1971, 1998
-1545, 1507, 1997
-683, 652, 1562
67, -193, 976
67, -193, 976
384, -552, 752
377, -593, 735
232, -553, 793
58, -518, 937
-116, -470, 1081
-225, -417, 1136
-252, -375, 1173
-229, -392, 1203
-254, -430, 1270
-,-,-
-717, 1720, -118
-1080, 1997, -300
-1345, 1997, -394
-1384, 1603, -422
-1345, 765, -250
-1153, -83, 43
-857, -1019, 620
-498, -1855, 1376
-246, -1998, 1896
-157, -1998, 1998
-183, -1998, 1998
-299, -1998, 1990
-423, -1997, 1892
-496, -1998, 1980
-525, -1998, 1847
-568, -1928, 1594
-490, -1860, 1188
-355, -1884, 929
-248, -1837, 678
-230, -1631, 455
-260, -1364, 268
-354, -1078, 177
-479, -825, 249
-663, -584, 587
-811, -52, 892
-860, 754, 1148
-903, 1291, 1354
-984, 1550, 1518
-966, 1562, 1642
-778, 1196, 1581
-515, 720, 1379
-254, 339, 1174
-42, 2, 1012
33, -218, 911
33, -218, 911
26, -363, 973
-29, -468, 1085
-109, -483, 1192
-199, -463, 1302
-244, -448, 1451
-,-,-
-564, 1196, -173
-715, 1725, -441
-856, 1872, -512
-871, 1504, -518
-790, 799, -268
-673, 3, 301
-670, 3, 984
-670, -729, 984
-764, -1601, 1597
-677, -1998, 1997
-638, -1998, 1998
-627, -1997, 1998
-517, -1893, 1988
-447, -1761, 1907
-311, -1682, 1948
26, -1535, 1473
26, -1535, 1473
155, -1387, 1120
125, -1299, 909
29, -1324, 717
-66, -1397, 566
-205, -1527, 492
-412, -1562, 489
-647, -1422, 497
-634, -1235, 423
-535, -1013, 253
-511, -543, 236
-507, 57, 487
-766, 587, 996
-1221, 1064, 1634
-1373, 1553, 1973
-1109, 1582, 1870
-702, 1242, 1586
-366, 803, 1305
-96, 314, 1113
72, -31, 967
72, -31, 967
134, -274, 971
85, -407, 1095
-40, -444, 1345
-,-,-
-1038, 1850, -32
-1305, 1997, -338
-1359, 1939, -567
-1361, 1283, -653
-1251, 218, -246
-964, -1154, 714
-742, -1998, 1626
-534, -1998, 1998
-572, -1998, 1998
-471, -1998, 1998
-368, -1998, 1998
-291, -1998, 1933
-149, -1998, 1992
-55, -1956, 1710
-25, -1645, 1315
-46, -1400, 922
-78, -1322, 755
-82, -1451, 658
-201, -1636, 573
-495, -1724, 552
-683, -1586, 454
-690, -1471, 400
-663, -1193, 439
-655, -657, 264
-595, 154, 359
-505, 685, 811
-658, 1091, 1423
-658, 1091, 1423
-896, 1304, 1861
-982, 1313, 1943
-829, 959, 1814
-523, 400, 1646
-240, 78, 1434
-53, 36, 1119
35, 3, 833
49, -60, 671
49, -60, 671
49, -214, 739
5, -243, 781
-40, -218, 787
-62, -262, 875
-67, -360, 1003
-,-,-
-397, 1260, 174
-663, 1923, -76
-1240, 1997, -18
-1642, 1990, -58
-1757, 1272, -40
-1441, -433, 591
-988, -1848, 1323
-901, -1998, 1828
-662, -1998, 1998
-327, -1998, 1998
-384, -1998, 1998
-431, -1998, 1998
-348, -1998, 1997
-278, -1998, 1998
-81, -1998, 1998
10, -1998, 1547
-58, -1870, 731
-183, -1634, 245
-411, -1485, 107
-671, -1211, 119
-832, -814, -18
-936, -375, -62
-950, 163, -27
-788, 608, 303
-651, 620, 824
-683, 484, 1414
-796, 569, 1947
-796, 569, 1947
-765, 481, 1998
-670, 332, 1994
-495, 125, 1758
-202, -125, 1399
-11, -318, 1163
60, -431, 1041
38, -464, 1002
-66, -436, 994
-191, -391, 1054
-268, -370, 1069
-269, -407, 1091
-248, -455, 1162
-,-,-
220, 269, 188
132, 333, 136
-34, 377, 180
-275, 704, 187
-532, 1192, 57
-532, 1192, 57
-779, 1731, -254
-1209, 1996, -377
-1625, 1846, -290
-1936, 1096, -105
-1958, 155, 415
-1650, -1007, 1025
-1369, -1935, 1497
-506, -1998, 1998
-47, -1998, 1995
217, -1998, 1775
151, -1998, 1631
57, -1998, 1687
10, -1998, 1531
10, -1998, 1531
-53, -1998, 958
-196, -1941, 371
-343, -1591, 52
-524, -1349, 133
-750, -1077, 209
-876, -722, 183
-884, -391, 39
-734, -306, -2
-701, -335, -12
-734, -239, 60
-674, 108, 711
-855, 443, 1286
-1099, 755, 1911
-1096, 798, 1998
-833, 730, 1998
-833, 730, 1998
-579, 633, 1998
-448, 464, 1907
-315, 187, 1678
-228, -95, 1403
-184, -300, 1236
-199, -432, 1199
-,-,-
-72, 593, 80
-454, 1177, -58
-953, 1888, -282
-1365, 1997, -486
-1835, 1997, -514
-1998, 1481, -268
-1751, -528, 408
-994, -1971, 1345
-564, -1998, 1962
-375, -1998, 1998
-307, -1998, 1990
-139, -1998, 1606
12, -1998, 1330
-96, -1998, 1290
-289, -1998, 1172
-473, -1974, 1231
-581, -1838, 1016
-604, -1693, 939
-555, -1619, 716
-508, -1593, 474
-503, -1558, 213
-560, -1386, 144
-702, -1035, 71
-787, -679, 58
-763, -431, 107
-568, -58, 383
-297, 375, 1004
-433, 674, 1675
-885, 975, 1998
-979, 1053, 1998
-596, 700, 1998
-244, 388, 1867
-77, 244, 1376
-40, 141, 1168
-40, 141, 1168
-60, 24, 1153
-128, -29, 1287
-244, -19, 1380
-,-,-
-363, 764, -125
-669, 1189, -179
-1074, 1823, -322
-1384, 1997, -518
-1380, 1876, -359
-1245, 934, -64
-937, -488, 554
-452, -1831, 1390
-41, -1998, 1996
226, -1998, 1998
193, -1998, 1998
101, -1998, 1918
10, -1995, 1776
-97, -1998, 1836
-147, -1982, 1808
-235, -1758, 1556
-214, -1545, 1212
-157, -1468, 892
-69, -1469, 584
-93, -1532, 421
-232, -1574, 283
-329, -1548, 132
-413, -1327, 5
-463, -1038, -47
-478, -742, 47
-446, -340, 396
-475, 137, 899
-818, 521, 1722
-1046, 785, 1998
-957, 883, 1998
-815, 931, 1997
-616, 794, 1719
-369, 538, 1344
-83, 153, 1049
-83, 153, 1049
94, -122, 997
35, -181, 1129
-97, -183, 1322
-198, -243, 1517
-234, -334, 1674
-,-,-
-153, 679, 156
-340, 861, 3
-340, 861, 3
-681, 1245, -192
-1057, 1861, -326
-1110, 1960, -715
-910, 1429, -842
-599, 538, -830
-430, -166, -431
-378, -774, 230
-423, -1402, 882
-494, -1942, 1646
-753, -1876, 1998
-894, -1546, 1998
-904, -1431, 1997
-699, -1840, 1883
-625, -1952, 1998
-604, -1920, 1998
-490, -1998, 1998
-267, -1987, 1828
-101, -1848, 1024
-203, -1774, 702
-378, -1648, 423
-571, -1471, 363
-721, -1233, 265
-719, -953, 170
-719, -953, 170
-704, -676, 21
-710, -328, -47
-574, 130, 238
-410, 610, 707
-584, 998, 1183
-930, 1159, 1611
-1064, 1270, 1755
-912, 1367, 1668
-655, 1203, 1491
-431, 951, 1376
-286, 665, 1270
-185, 377, 1280
-184, 183, 1348
-,-,-
-499, 610, -529
-959, 1352, -463
-1290, 1986, -566
-1283, 1940, -922
-1056, 1389, -726
-826, 710, -185
-576, 12, 438
-576, 12, 438
-257, -788, 1002
-64, -1653, 1394
-7, -1998, 1960
-170, -1997, 1998
-379, -1773, 1998
-498, -1573, 1842
-716, -1697, 1835
-786, -1959, 1973
-813, -1853, 1980
-738, -1669, 1591
-343, -1927, 1104
-276, -1953, 958
-266, -1939, 732
-310, -1901, 579
-484, -1704, 498
-734, -1327, 429
-942, -841, 412
-942, -841, 412
-1032, -222, 559
-915, 649, 789
-851, 1394, 1035
-1056, 1920, 1424
-1146, 1997, 1707
-898, 1738, 1804
-537, 981, 1694
-253, 508, 1548
-68, 157, 1383
80, -164, 1262
120, -419, 1230
90, -529, 1349
-,-,-
-310, 543, -317
-736, 1129, -540
-1535, 1888, -1043
-1998, 1997, -1268
-1998, 1997, -970
-1961, -192, -435
-1269, -1854, 732
-428, -1998, 1947
119, -1998, 1998
319, -1998, 1998
32, -1998, 1998
-112, -1983, 1998
-278, -1838, 1930
-407, -1706, 1889
-422, -1637, 1666
-421, -1423, 1553
-310, -1265, 1256
-228, -1125, 953
-167, -1063, 670
-131, -1114, 489
-194, -1091, 418
-286, -1043, 340
-380, -1018, 343
-414, -1027, 433
-507, -816, 422
-598, -568, 428
-619, -301, 504
-548, 92, 703
-548, 92, 703
-588, 445, 1142
-797, 798, 1454
-906, 955, 1700
-854, 871, 1786
-702, 620, 1777
-521, 341, 1670
-343, 147, 1508
-219, -11, 1375
-174, -105, 1332
-,-,-
-282, 734, -51
-395, 845, -60
-483, 1016, -200
-583, 1310, -304
-710, 1495, -356
-819, 1375, -314
-885, 847, -17
-775, -200, 491
-737, -1518, 1072
-860, -1970, 1903
-993, -1998, 1998
-912, -1998, 1998
-841, -1998, 1936
-979, -1891, 1981
-1113, -1764, 1935
-1077, -1995, 1998
-748, -1998, 1998
-467, -1990, 1573
-567, -1741, 884
-560, -1629, 628
-453, -1703, 634
-441, -1698, 509
-517, -1492, 213
-691, -1086, 26
-908, -691, 66
-1114, -253, 301
-1123, 189, 482
-1015, 772, 632
-1058, 1251, 887
-1151, 1481, 1281
-1073, 1617, 1512
-850, 1521, 1415
-588, 1145, 1438
-383, 591, 1438
-242, 161, 1372
-146, -154, 1305
-120, -342, 1242
-191, -372, 1334
-,-,-
231, 414, -56
101, 580, -155
101, 580, -155
-123, 919, -184
-406, 1381, -206
-671, 1724, -324
-861, 1749, -399
-929, 1316, -257
-991, 699, 66
-963, 76, 638
-731, -653, 1061
-671, -1167, 1473
-724, -1418, 1916
-690, -1809, 1998
-487, -1998, 1998
-453, -1998, 1998
-473, -1935, 1815
-430, -1925, 1786
-286, -1998, 1544
-172, -1998, 1461
-127, -1894, 1227
-96, -1678, 1011
-113, -1527, 714
-165, -1435, 498
-228, -1348, 397
-343, -1159, 332
-496, -896, 183
-606, -618, 79
-665, -481, 81
-854, -314, 439
-959, 0, 690
-1033, 202, 1085
-1211, 563, 1725
-1312, 908, 1998
-1263, 1153, 1961
-1058, 1049, 1820
-720, 715, 1676
-477, 384, 1469
-304, 147, 1337
-265, 56, 1291
-265, 56, 1291
-,-,-
-234, 787, -313
-571, 1230, -448
-965, 1548, -554
-1118, 1513, -496
-1162, 1139, -135
-1107, 693, 466
-978, 240, 1112
-747, -329, 1648
-659, -908, 1973
-586, -1268, 1998
-408, -1586, 1998
-309, -1777, 1908
-197, -1963, 1448
-332, -1998, 1751
-467, -1998, 1675
-609, -1998, 1986
-450, -1998, 1998
-107, -1778, 1148
-102, -1400, 522
-150, -1174, 266
-284, -1087, 369
-471, -992, 471
-471, -992, 471
-596, -862, 450
-659, -735, 357
-716, -570, 386
-766, -381, 343
-783, -203, 359
-713, -15, 652
-689, 347, 1028
-873, 822, 1430
-977, 1110, 1772
-933, 1048, 1964
-681, 772, 1998
-456, 554, 1965
-319, 389, 1608
-168, 125, 1257
-91, -132, 1053
-90, -312, 992
-90, -312, 992
-131, -423, 1042
-,-,-
-255, 897, -215
-462, 1292, -397
-730, 1644, -587
-931, 1741, -649
-1040, 1523, -514
-1029, 1006, -297
-945, 207, 227
-780, -784, 732
-779, -1671, 1414
-808, -1998, 1981
-791, -1998, 1998
-846, -1998, 1998
-863, -1997, 1878
-704, -1998, 1998
-441, -1998, 1998
-270, -1998, 1986
-114, -1985, 1774
-60, -1685, 1186
-214, -1279, 753
-316, -1089, 432
-332, -1085, 298
-377, -1126, 289
-493, -1026, 316
-578, -863, 216
-614, -696, 264
-617, -578, 366
-588, -242, 525
-486, 231, 848
-651, 599, 1320
-919, 750, 1859
-927, 813, 1952
-799, 735, 1776
-541, 469, 1503
-303, 221, 1293
-134, 52, 1129
-111, -27, 1076
-175, -37, 1024
-175, -37, 1024
-253, -64, 1096
-307, -147, 1209
-,-,-
-518, 1384, -478
-879, 1848, -606
-1155, 1952, -594
-1217, 1498, -488
-1137, 767, -165
-1018, 1, 313
-894, -831, 739
-880, -1475, 1323
-1003, -1819, 1914
-1018, -1998, 1998
-886, -1998, 1998
-774, -1998, 1850
-728, -1998, 1885
-642, -1991, 1638
-589, -1998, 1848
-368, -1998, 1884
-167, -1925, 1582
-112, -1543, 1069
-80, -1303, 747
-129, -1226, 533
-234, -1242, 431
-405, -1383, 417
-584, -1506, 394
-753, -1416, 299
-803, -1220, 94
-792, -991, 7
-827, -710, -25
-813, -241, -85
-735, 143, 27
-626, 375, 323
-626, 375, 323
-763, 556, 1066
-1054, 756, 1854
-1210, 1114, 1998
-1132, 1200, 1998
-848, 783, 1869
-572, 334, 1687
-364, 44, 1507
-233, -160, 1276
-209, -250, 1185
-243, -328, 1179
-,-,-
-3, 469, -439
-429, 962, -542
-991, 1659, -633
-1541, 1997, -568
-1958, 1997, -389
-1998, 1561, 2
-1998, 548, 518
-1925, -439, 1067
-1789, -1361, 1663
-1743, -1960, 1998
-1419, -1998, 1998
-1007, -1998, 1998
-781, -1998, 1889
-439, -1998, 1904
-64, -1998, 1998
90, -1998, 1965
-113, -1926, 1052
-277, -1229, 443
-283, -891, 41
-322, -751, 162
-386, -798, 352
-450, -805, 416
-562, -634, 304
-600, -504, 268
-535, -577, 254
-531, -631, 283
-609, -442, 464
-636, -61, 717
-675, 204, 1000
-826, 493, 1350
-953, 853, 1639
-953, 853, 1639
-885, 939, 1764
-737, 771, 1811
-572, 494, 1682
-410, 233, 1529
-287, 9, 1330
-200, -216, 1231
-168, -345, 1176
-211, -379, 1179
-257, -374, 1237
-270, -378, 1277
-267, -354, 1387
-,-,-
-626, 1164, -195
-893, 1597, -472
-1344, 1952, -589
-1735, 1978, -473
-1861, 1395, -407
-1761, 375, -108
-1500, -678, 522
-1361, -1550, 1255
-1094, -1998, 1977
-635, -1998, 1998
-377, -1998, 1998
-270, -1998, 1910
-300, -1998, 1998
-470, -1998, 1998
-493, -1998, 1998
-495, -1902, 1912
-511, -1464, 1155
-451, -1207, 417
-402, -1128, 177
-446, -1004, 244
-467, -925, 201
-483, -805, 113
-522, -708, -14
-672, -593, -54
-861, -323, 120
-861, -323, 120
-877, -5, 357
-974, 493, 681
-1157, 944, 1205
-1358, 1459, 1669
-1314, 1704, 1755
-1123, 1625, 1689
-802, 1218, 1659
-465, 669, 1589
-235, 254, 1476
-184, 106, 1397
-228, 99, 1351
-307, 90, 1332
-,-,-
-522, 1109, -203
-666, 1361, -183
-770, 1373, -204
-741, 1102, -221
-714, 873, -40
-872, 896, 256
-938, 501, 400
-875, -559, 869
-602, -1751, 1761
-528, -1864, 1998
-513, -1794, 1998
-487, -1877, 1903
-684, -1998, 1804
-900, -1998, 1998
-1049, -1998, 1998
-928, -1997, 1998
-683, -1740, 1857
-496, -1396, 1268
-418, -1168, 750
-376, -942, 348
-357, -875, 370
-331, -893, 458
-324, -878, 356
-369, -750, 260
-413, -629, 297
-498, -501, 533
-585, -256, 684
-656, 95, 812
-838, 532, 1115
-1063, 930, 1545
-1127, 1119, 1766
-939, 1079, 1717
-703, 899, 1603
-466, 563, 1514
-286, 279, 1414
-219, 86, 1272
-219, 86, 1272
-242, -30, 1274
-280, -137, 1336
-,-,-
-1038, 1682, -795
-1395, 1997, -949
-1601, 1952, -802
-1606, 1260, -685
-1466, 186, -282
-1187, -829, 557
-1072, -1636, 1494
-918, -1983, 1998
-502, -1998, 1998
-164, -1998, 1998
-47, -1990, 1998
33, -1958, 1979
131, -1866, 1998
227, -1870, 1998
225, -1672, 1949
156, -1344, 1395
38, -1091, 893
-10, -1098, 618
-64, -1105, 564
-138, -1042, 511
-207, -978, 427
-285, -916, 386
-285, -916, 386
-350, -868, 429
-422, -728, 505
-435, -453, 504
-444, -72, 552
-544, 214, 868
-682, 402, 1301
-784, 569, 1620
-792, 684, 1755
-695, 660, 1699
-548, 496, 1617
-381, 260, 1524
-228, 56, 1448
-228, 56, 1448
-123, -93, 1328
-77, -212, 1326
-,-,-
-1114, 1686, -406
-1411, 1932, -712
-1542, 1502, -986
-1471, 571, -700
-1166, -418, 172
-1077, -1220, 1216
-1201, -1770, 1983
-935, -1998, 1998
-521, -1998, 1998
-182, -1998, 1998
232, -1998, 1737
272, -1998, 1687
165, -1998, 1745
165, -1998, 1745
122, -1997, 1755
134, -1726, 1161
67, -1277, 698
-10, -1106, 456
-78, -1034, 421
-240, -960, 542
-420, -893, 613
-485, -817, 621
-453, -771, 550
-388, -775, 498
-409, -710, 465
-531, -570, 522
-718, -312, 763
-820, -31, 951
-857, 195, 1174
-920, 451, 1415
-920, 451, 1415
-985, 557, 1684
-845, 555, 1818
-716, 399, 1718
-466, 184, 1543
-236, -61, 1343
-,-,-
-1861, 971, 550
-1861, 971, 550
-1608, 179, 1580
-1250, -711, 1998
-963, -1530, 1998
-714, -1998, 1998
-258, -1998, 1998
-137, -1998, 1935
-1, -1998, 1669
8, -1998, 1337
8, -1998, 1337
-6, -1998, 963
13, -1998, 1000
-10, -1934, 957
-102, -1622, 569
-137, -1399, 331
-166, -1253, 246
-309, -991, 208
-487, -738, 247
-543, -615, 259
-506, -456, 354
-445, -221, 639
-590, 98, 997
-866, 329, 1449
-866, 329, 1449
-1297, 681, 1940
-1268, 844, 1998
-721, 566, 1998
-442, 379, 1636
-232, 83, 1351
-121, -214, 1275
-,-,-
-809, 1238, -309
-1038, 1425, -516
-1232, 1537, -563
-1366, 1516, -476
-1489, 1318, -324
-1476, 744, 153
-1190, -564, 1045
-853, -1798, 1971
-593, -1806, 1998
-277, -1992, 1998
-88, -1998, 1897
-107, -1998, 1998
-234, -1882, 1998
-273, -1715, 1998
-155, -1562, 1840
-58, -1458, 1366
31, -1398, 1037
-4, -1229, 737
-107, -1142, 540
-235, -1063, 453
-318, -997, 426
-356, -951, 453
-356, -951, 453
-364, -884, 504
-348, -678, 554
-257, -371, 666
-413, 186, 1035
-854, 816, 1588
-1118, 1256, 1720
-1034, 1193, 1696
-698, 859, 1525
-393, 565, 1331
-193, 315, 1206
-57, 50, 1123
-10, -189, 1213
-36, -348, 1391
-103, -433, 1638
-,-,-
-852, 1519, -241
-852, 1519, -241
-1075, 1616, -359
-1210, 440, 262
-1210, 440, 262
-1025, -410, 934
-996, -910, 1452
-852, -1571, 1950
-602, -1998, 1998
-488, -1998, 1998
-276, -1998, 1998
-54, -1998, 1998
21, -1998, 1998
-2, -1998, 1998
-2, -1998, 1998
-16, -1998, 1862
-63, -1892, 1125
-108, -1717, 500
-170, -1523, 128
-355, -1267, 71
-460, -1066, -41
-487, -921, -260
-533, -442, -466
-642, 388, -544
-1101, 936, 343
-1548, 1009, 1844
-1456, 1015, 1998
-1049, 1006, 1998
-613, 990, 1840
-347, 742, 1551
-166, 357, 1462
-18, -12, 1366
6, -170, 1295
-74, -204, 1334
-,-,-
-742, 1291, -229
-947, 1485, -397
-1129, 1324, -449
-1175, 939, -232
-1096, 328, 348
-908, -493, 1052
-829, -1439, 1776
-649, -1977, 1998
-452, -1998, 1998
-296, -1932, 1998
-86, -1799, 1878
110, -1961, 1986
351, -1998, 1857
394, -1998, 1738
324, -1998, 1647
148, -1794, 1448
15, -1473, 1032
-112, -1265, 718
-186, -1190, 575
-233, -1138, 475
-309, -1025, 452
-397, -892, 366
-439, -694, 335
-416, -576, 321
-432, -202, 553
-487, 299, 946
-487, 299, 946
-838, 927, 1448
-1192, 1319, 1936
-1127, 1208, 1998
-776, 681, 1987
-446, 253, 1738
-143, -4, 1386
67, -276, 1205
-,-,-
-1488, 1352, -319
-1729, 1344, -121
-1836, 784, 111
-1686, -342, 687
-1281, -1730, 1736
-1124, -1998, 1998
-954, -1998, 1998
-634, -1998, 1998
-308, -1998, 1959
-8, -1998, 1998
24, -1998, 1723
70, -1998, 1434
78, -1998, 1225
81, -1827, 741
5, -1545, 505
5, -1545, 505
-123, -1396, 347
-246, -1332, 360
-343, -1268, 417
-470, -1141, 438
-583, -969, 437
-752, -654, 393
-713, -494, 641
-727, -186, 998
-753, 171, 1328
-903, 574, 1522
-920, 794, 1564
-864, 926, 1679
-720, 762, 1693
-560, 556, 1607
-339, 380, 1374
-208, 249, 1211
-208, 249, 1211
-198, 103, 1257
-233, -19, 1378
-247, -134, 1434
-,-,-
-706, 1193, -371
-853, 1417, -369
-962, 1203, -308
-892, 727, -18
-792, 249, 657
-656, -205, 1054
-602, -926, 1481
-218, -1877, 1990
200, -1998, 1998
208, -1998, 1998
-48, -1799, 1916
-268, -1698, 1998
-374, -1756, 1998
-288, -1840, 1998
-240, -1697, 1998
-190, -1473, 1768
-99, -1320, 1089
-61, -1234, 725
-45, -1172, 612
-87, -1038, 523
-158, -847, 477
-221, -630, 333
-264, -288, 355
-365, 198, 649
-365, 198, 649
-683, 779, 1085
-934, 1203, 1491
-922, 1242, 1663
-809, 1109, 1699
-627, 864, 1556
-437, 578, 1387
-228, 310, 1256
-,-,-
-539, 1049, -232
-723, 1249, -147
-989, 1423, -143
-1261, 1477, -243
-1450, 1195, -55
-1404, 578, 280
-1137, -346, 897
-760, -1288, 1424
-606, -1972, 1921
-503, -1998, 1998
-346, -1998, 1998
-28, -1998, 1941
99, -1998, 1985
115, -1998, 1998
18, -1998, 1998
28, -1998, 1998
53, -1884, 1802
63, -1745, 1199
77, -1526, 827
36, -1333, 637
-137, -1117, 520
-357, -813, 411
-577, -340, 382
-801, 15, 733
-1061, 555, 1096
-1221, 1171, 1179
-1234, 1431, 1199
-1020, 1164, 1352
-705, 519, 1587
-373, -54, 1809
-112, -386, 1792
-,-,-
-762, 501, 1217
-681, 133, 1247
-681, 133, 1247
-775, -564, 1864
-899, -1071, 1998
-823, -1632, 1998
151, -1998, 1703
151, -1998, 1703
355, -1998, 1698
284, -1998, 1995
187, -1998, 1841
-145, -1916, 1307
-400, -931, 596
-400, -931, 596
-401, -868, 433
-423, -938, 425
-484, -984, 514
-491, -1084, 642
-439, -1205, 677
-427, -1228, 742
-463, -1126, 750
-535, -713, 894
-658, -202, 1127
-1021, 566, 1434
-1206, 1163, 1461
-1167, 1417, 1465
-1059, 1526, 1488
-964, 1479, 1284
-770, 1271, 1091
-493, 840, 934
-206, 261, 1017
-,-,-
-486, 1185, -39
-914, 1691, -281
-1313, 1933, -439
-1505, 1323, 87
-1541, 75, 1065
-1467, -961, 1959
-1115, -1833, 1998
-516, -1998, 1998
650, -1998, 1915
731, -1998, 1930
842, -1998, 1936
559, -1998, 1788
128, -1877, 1095
128, -1877, 1095
-1, -1442, 554
-30, -1238, 303
-123, -1148, 303
-200, -1100, 309
-254, -1098, 420
-297, -1102, 501
-398, -772, 601
-451, -160, 673
-740, 196, 765
-1065, 372, 1410
-1124, 629, 1797
-1000, 1002, 1601
-791, 986, 1408
-437, 481, 1491
-,-,-
-948, 1409, 61
-1073, 1399, 1
-1071, 1070, 81
-1071, 1070, 81
-949, 548, 494
-666, -289, 937
-171, -1348, 1433
209, -1976, 1869
284, -1998, 1998
149, -1998, 1998
-74, -1998, 1955
-304, -1974, 1998
-428, -1860, 1997
-402, -1810, 1998
-248, -1858, 1998
-84, -1668, 1898
-15, -1412, 1326
11, -1271, 776
13, -1169, 515
-2, -1182, 425
-14, -1240, 411
-48, -1229, 365
-64, -1003, 309
-83, -709, 218
-289, -56, 409
-769, 589, 1044
-1297, 1022, 1825
-1382, 1027, 1998
-1046, 973, 1799
-555, 698, 1351
-210, 344, 1126
-111, 124, 1085
-111, 124, 1085
-,-,-
-1207, -1973, 1680
-929, -1998, 1998
-685, -1998, 1998
-690, -1998, 1985
-258, -1998, 1998
595, -1998, 1998
314, -1863, 1914
292, -1434, 496
93, -894, 262
-76, -686, 310
-279, -522, 362
-279, -522, 362
-386, -458, 477
-373, -492, 532
-291, -603, 560
-182, -807, 674
-97, -979, 658
-117, -989, 679
-228, -863, 752
-348, -654, 916
-437, -284, 1074
-486, 5, 1185
-617, 350, 1294
-733, 711, 1298
-811, 955, 1391
-811, 955, 1391
-828, 1035, 1408
-,-,-
-774, 1247, -14
-1275, 1811, -59
-1471, 1788, -63
-1311, 797, 81
-1136, -106, 881
-1022, -804, 1304
-829, -1524, 1592
-396, -1992, 1929
-57, -1998, 1993
72, -1998, 1864
460, -1998, 1696
350, -1998, 1962
122, -1998, 1983
-52, -1943, 1927
-371, -1181, 1419
-330, -734, 732
-184, -726, 549
-87, -920, 454
-19, -1109, 422
-58, -1207, 440
-129, -1258, 337
-159, -1242, 337
-213, -1131, 392
-341, -788, 394
-382, -225, 396
-594, 340, 798
-1124, 823, 1796
-1331, 996, 1998
-1115, 902, 1998
-717, 550, 1840
-212, 113, 1501
79, -234, 1130
-,-,-
-1983, 1836, -738
-1972, 900, -283
-1563, -467, 562
-988, -1657, 1378
-589, -1998, 1987
-224, -1998, 1998
3, -1998, 1998
-56, -1998, 1998
-4, -1998, 1998
106, -1976, 1987
62, -1689, 1621
51, -1373, 1276
55, -1175, 1098
89, -1033, 860
97, -947, 720
97, -947, 720
79, -977, 665
80, -1147, 599
15, -1354, 660
5, -1496, 599
-37, -1515, 519
-110, -1375, 477
-251, -1098, 454
-335, -595, 432
-335, -595, 432
-432, 58, 518
-695, 523, 976
-1002, 770, 1717
-1086, 792, 1998
-994, 619, 1898
-751, 374, 1710
-460, 32, 1530
-,-,-
-1559, 1523, -246
-1536, 1403, -131
-1355, 936, -188
-949, 196, 142
-473, -814, 1008
-72, -1821, 1874
0, -1998, 1998
-119, -1998, 1998
-178, -1992, 1998
-153, -1910, 1852
-178, -1731, 1972
-307, -1765, 1860
-467, -1644, 1818
-441, -1664, 1792
-266, -1853, 1474
-183, -1778, 1319
-136, -1629, 1201
-94, -1524, 876
-69, -1325, 577
-125, -1073, 348
-277, -638, 248
-485, 31, 381
-842, 771, 675
-1213, 1520, 976
-1305, 1818, 1159
-1139, 1519, 1274
-938, 1181, 1410
-740, 828, 1401
-528, 448, 1331
-304, 140, 1190
-111, -124, 1087
-,-,-
-947, 1632, -199
-1208, 1722, -288
-1152, 1109, -279
-911, 380, 305
-624, -250, 921
-605, -695, 1548
-451, -1221, 1998
-61, -1735, 1998
34, -1837, 1998
-91, -1735, 1806
-126, -1785, 1998
-123, -1991, 1998
-214, -1998, 1998
-284, -1998, 1998
-359, -1750, 1580
-342, -1376, 911
-271, -1277, 521
-326, -1335, 434
-342, -1491, 606
-272, -1602, 601
-325, -1416, 51
-402, -1088, -312
-563, -517, 80
-983, 594, 601
-1704, 1754, 1416
-1781, 1985, 1996
-1161, 1490, 1998
-480, 833, 1943
-67, 461, 1651
141, 107, 1415
141, 107, 1415
-,-,-
-1239, 1689, -197
-1587, 1982, -273
-1623, 1353, -214
-1402, 96, 417
-997, -1071, 1157
-789, -1649, 1754
-525, -1994, 1998
-196, -1998, 1998
-85, -1998, 1990
11, -1998, 1998
153, -1988, 1818
100, -1926, 1606
187, -1998, 1702
222, -1998, 1565
73, -1689, 1008
30, -1428, 635
30, -1428, 635
9, -1445, 435
-10, -1513, 240
-151, -1395, 285
-264, -1258, 311
-356, -1081, 359
-432, -710, 454
-449, -101, 511
-717, 423, 801
-1207, 937, 1716
-1291, 977, 1998
-946, 727, 1917
-493, 340, 1547
-73, -72, 1288
151, -324, 1218
97, -358, 1309
97, -358, 1309
-107, -306, 1509
-,-,-
-846, 953, 100
-944, 858, 265
-944, 858, 265
-838, 434, 776
-670, -148, 1600
-558, -724, 1998
-390, -1224, 1998
-236, -1603, 1998
-48, -1893, 1998
-2, -1971, 1702
145, -1982, 1574
200, -1998, 1418
363, -1998, 1283
538, -1998, 1469
505, -1983, 1192
344, -1660, 928
207, -1439, 616
124, -1364, 427
24, -1342, 375
-88, -1435, 338
-270, -1394, 352
-473, -1116, 459
-545, -639, 572
-504, -12, 619
-652, 605, 711
-652, 605, 711
-872, 963, 1080
-986, 1036, 1579
-976, 940, 1782
-859, 735, 1776
-621, 362, 1633
-380, 28, 1471
-129, -304, 1304
26, -472, 1191
64, -563, 1171
-,-,-
-994, 566, 391
-994, 566, 391
-1018, 236, 851
-785, -502, 1368
-553, -1177, 1860
-499, -1375, 1998
-376, -1550, 1998
-201, -1605, 1998
-108, -1505, 1998
13, -1425, 1876
203, -1506, 1746
187, -1379, 1383
207, -1532, 1166
224, -1638, 1076
148, -1428, 889
81, -1290, 685
2, -1342, 641
-77, -1476, 705
-182, -1523, 756
-279, -1505, 653
-302, -1402, 481
-337, -1252, 285
-453, -917, 292
-533, -444, 435
-678, 290, 627
-891, 837, 1101
-1033, 995, 1746
-1007, 667, 1998
-901, 282, 1998
-711, 108, 1948
-711, 108, 1948
-403, -71, 1615
-,-,-
-853, 1332, -558
-1002, 1251, -503
-1059, 983, -299
-978, 670, -239
-793, 426, -167
-650, -16, 237
-667, -929, 1093
-734, -1802, 1953
-450, -1998, 1998
-169, -1998, 1998
-199, -1903, 1998
-354, -1618, 1983
-509, -1516, 1998
-461, -1524, 1998
-381, -1453, 1967
-261, -1303, 1697
-155, -1182, 1330
-16, -1210, 1004
27, -1267, 826
8, -1267, 639
6, -1232, 542
-14, -1181, 459
-14, -1181, 459
-97, -1067, 417
-238, -741, 436
-297, -222, 585
-561, 301, 828
-1049, 892, 1217
-1307, 1091, 1543
-1209, 905, 1726
-887, 712, 1628
-599, 540, 1371
-403, 311, 1212
-256, 68, 1158
-157, -164, 1164
-134, -288, 1200
-165, -313, 1223
-235, -327, 1361
-,-,-
-1126, 1439, -49
-1723, 1939, -184
-1998, 1997, -350
-1992, 1523, -332
-1546, 69, 110
-739, -1017, 743
-54, -1806, 1200
446, -1998, 1913
702, -1998, 1998
588, -1998, 1998
444, -1998, 1998
337, -1965, 1572
-26, -1697, 1725
-267, -1443, 1735
-348, -1451, 1940
-163, -1629, 1692
74, -1722, 1415
213, -1704, 1112
275, -1643, 806
270, -1563, 558
145, -1405, 412
145, -1405, 412
-12, -1221, 207
-191, -922, 206
-389, -384, 352
-689, 279, 640
-1218, 947, 1230
-1553, 1349, 1676
-1325, 1051, 1789
-938, 645, 1710
-539, 366, 1516
-263, 184, 1258
-133, 69, 1181
-78, -48, 1142
-51, -149, 1061
-30, -277, 1073
-44, -355, 1142
-58, -384, 1201
-58, -384, 1201
-57, -428, 1238
-,-,-
-924, 1183, -218
-1311, 1543, -270
-1817, 1871, -245
-1998, 1569, -283
-1731, 646, -178
-1069, -410, 370
-524, -1397, 1244
353, -1998, 1998
565, -1998, 1998
565, -1998, 1998
650, -1998, 1958
608, -1998, 1592
432, -1998, 1459
202, -1962, 1464
-30, -1871, 1467
-190, -1677, 1351
-170, -1574, 1217
184, -1600, 757
184, -1600, 757
296, -1551, 479
281, -1344, 302
183, -1047, 188
-108, -548, 189
-590, -41, 565
-1223, 485, 1417
-1660, 895, 1981
-1662, 1110, 1979
-1261, 868, 1698
-689, 393, 1467
-244, 32, 1308
-17, -181, 1138
33, -313, 1160
-35, -383, 1332
-110, -415, 1464
-161, -366, 1476
-,-,-
-1002, 1387, -240
-1217, 1491, -122
-1365, 1493, 60
-1331, 1061, -20
-1132, 468, 189
-697, -266, 612
-36, -1227, 1139
291, -1892, 1820
206, -1998, 1998
125, -1998, 1998
280, -1998, 1997
321, -1973, 1690
357, -1998, 1486
269, -1998, 1913
149, -1998, 1998
-18, -1966, 1707
37, -1671, 859
81, -1306, 337
79, -1201, 116
57, -1197, 113
57, -1197, 113
-12, -1195, 226
-103, -1089, 341
-114, -859, 442
-156, -371, 661
-554, 139, 1100
-1170, 728, 1738
-1526, 1135, 1931
-1510, 1215, 1644
-1258, 1026, 1436
-910, 751, 1338
-518, 371, 1153
-210, 80, 1002
-2, -210, 935
92, -418, 1097
107, -589, 1317
94, -677, 1519
76, -763, 1629
-,-,-
-1191, 1572, 267
-1363, 1708, -280
-1569, 1678, -552
-1546, 1080, -467
-1181, 33, -112
-597, -947, 614
12, -1852, 1377
383, -1998, 1951
220, -1998, 1998
87, -1998, 1998
53, -1998, 1912
-122, -1985, 1819
-252, -1944, 1909
-345, -1873, 1891
-332, -1664, 1588
-325, -1449, 1239
-224, -1395, 1020
76, -1459, 795
414, -1493, 335
631, -1480, -95
434, -1433, -290
-242, -1072, 295
-771, -481, 1026
-978, -54, 1290
-1250, 449, 1459
-1366, 677, 1797
-1158, 549, 1904
-827, 415, 1671
-465, 218, 1460
-139, -68, 1157
52, -268, 967
105, -407, 850
105, -407, 850
32, -444, 921
-96, -450, 1073
-197, -477, 1203
-,-,-
-979, 1347, -157
-1168, 1636, -345
-1250, 1282, -484
-1143, 541, 25
-867, -246, 709
-616, -803, 1127
-293, -1698, 1659
48, -1998, 1998
120, -1998, 1998
68, -1836, 1998
67, -1691, 1800
130, -1855, 1833
4, -1855, 1965
4, -1855, 1965
-138, -1964, 1998
-227, -1751, 1944
-166, -1430, 1311
-14, -1376, 817
144, -1559, 550
136, -1576, 419
21, -1486, 436
-145, -1299, 387
-294, -1021, 214
-348, -539, 273
-486, 103, 610
-816, 709, 1061
-1127, 1053, 1525
-1240, 1126, 1910
-1081, 983, 1992
-744, 711, 1789
-413, 434, 1469
-109, 54, 1260
73, -268, 1184
145, -509, 1212
145, -509, 1244
-,-,-
-744, 956, -212
-744, 956, -212
-791, 760, -230
-900, 505, 156
-917, 74, 651
-843, -440, 1120
-818, -1143, 1716
-673, -1621, 1998
-447, -1883, 1998
-197, -1972, 1998
-117, -1913, 1878
-32, -1872, 1902
-19, -1790, 1926
-74, -1623, 1893
-35, -1512, 1724
0, -1415, 1495
-8, -1216, 1187
6, -1137, 974
21, -1188, 838
59, -1246, 703
52, -1263, 574
10, -1282, 465
10, -1282, 465
-26, -1228, 466
-75, -1068, 441
-139, -842, 448
-327, -303, 668
-657, 266, 964
-989, 631, 1306
-1109, 698, 1562
-1069, 755, 1672
-897, 689, 1580
-680, 589, 1361
-439, 343, 1147
-227, 85, 1064
-83, -174, 1023
-45, -174, 1135
-45, -361, 1135
-62, -498, 1314
-,-,-
-670, 1034, 190
-673, 1322, 59
-661, 1332, -163
-559, 1132, -145
-402, 831, -22
-279, 496, 220
-168, -20, 646
-124, -516, 1053
-261, -1108, 1508
-348, -1401, 1977
-271, -1727, 1998
-210, -1913, 1998
-416, -1638, 1880
-385, -1656, 1998
-264, -1975, 1998
-77, -1998, 1998
-11, -1998, 1998
-138, -1996, 1862
-100, -1812, 1129
-65, -1637, 486
-29, -1484, 178
-121, -1258, 130
-247, -911, 167
-251, -658, 26
-272, -325, 40
-669, 515, 553
-1147, 1134, 1361
-1348, 1272, 1832
-1378, 1179, 1998
-1092, 979, 1973
-630, 738, 1545
-224, 379, 1200
26, 27, 1080
26, 27, 1080
120, -202, 1170
137, -471, 1327
92, -606, 1488
-,-,-
-1246, 1200, -407
-1620, 1593, -559
-1942, 1721, -503
-1952, 1443, -242
-1533, 524, 386
-924, -680, 1459
-519, -1685, 1998
-240, -1998, 1998
-126, -1998, 1998
35, -1998, 1998
270, -1998, 1769
182, -1998, 1686
-110, -1998, 1998
-243, -1998, 1998
-160, -1998, 1867
-113, -1976, 1167
-103, -1700, 640
-145, -1390, 412
-232, -1115, 267
-359, -811, 167
-476, -497, 135
-517, -112, 378
-600, 452, 609
-799, 703, 907
-1065, 849, 1434
-1283, 1110, 1852
-1289, 1204, 1917
-1016, 883, 1742
-608, 296, 1689
-349, -5, 1542
-111, -280, 1385
-21, -457, 1335
-44, -565, 1381
-102, -631, 1523
-179, -669, 1702
-,-,-
-1154, 1108, -201
-1090, 763, 131
-1023, 232, 415
-735, -579, 760
-735, -579, 1270
-272, -1512, 1270
-186, -1998, 1997
-283, -1997, 1972
-419, -1995, 1923
-298, -1998, 1998
-287, -1995, 1998
-427, -1847, 1888
-473, -1900, 1896
-381, -1973, 1872
-282, -1695, 1327
-128, -1570, 834
-23, -1641, 621
50, -1691, 539
-48, -1525, 389
-203, -1274, 74
-405, -1021, 14
-590, -764, 195
-790, -197, 456
-790, -197, 456
-888, 440, 710
-980, 800, 1176
-1079, 1103, 1702
-1013, 1223, 1908
-792, 1128, 1805
-505, 863, 1635
-175, 421, 1559
30, 102, 1307
167, -151, 1230
141, -313, 1308
46, -428, 1440
-,-,-
-940, 1341, -149
-1331, 1654, -38
-1548, 1839, 227
-1545, 1621, 310
-1440, 1110, 404
-1209, 202, 670
-955, -965, 1429
-525, -1981, 1982
-246, -1998, 1998
-173, -1998, 1961
-54, -1998, 1611
-121, -1998, 1919
-214, -1998, 1998
-245, -1998, 1998
-277, -1998, 1900
-345, -1917, 1668
-316, -1624, 1039
-312, -1295, 686
-338, -1067, 562
-331, -967, 599
-376, -816, 561
-485, -532, 493
-622, -35, 511
-965, 799, 661
-965, 799, 661
-1307, 1402, 1120
-1373, 1345, 1653
-1254, 1227, 1879
-609, 489, 1720
-609, 489, 1720
-325, 170, 1549
-210, -67, 1477
-,-,-
-606, 802, 426
-733, 721, 603
-954, 528, 1028
-963, -192, 1350
-623, -1075, 1584
-292, -1764, 1757
-203, -1985, 1931
-123, -1998, 1751
-64, -1998, 1998
136, -1998, 1998
421, -1998, 1998
272, -1998, 1993
72, -1969, 1374
70, -1568, 632
111, -1377, -14
33, -1212, -108
-137, -1112, 99
-275, -1076, 368
-372, -871, 400
-449, -595, 542
-594, -235, 751
-722, 21, 951
-891, 310, 1251
-891, 310, 1251
-1035, 510, 1472
-1131, 760, 1642
-1089, 853, 1572
-863, 573, 1593
-695, 379, 1505
-464, 107, 1421
-300, -159, 1330
-192, -427, 1402
-,-,-
-672, 951, -269
-556, 717, -135
-556, 717, -135
-706, 616, 132
-1218, 293, 471
-1435, -639, 1690
-918, -1909, 1998
-481, -1998, 1998
-28, -1998, 1998
450, -1998, 1732
506, -1998, 1746
575, -1998, 1584
517, -1998, 1786
492, -1998, 1895
335, -1998, 1603
165, -1886, 1007
55, -1566, 531
-15, -1332, 372
-176, -1166, 421
-371, -880, 460
-531, -568, 459
-715, -151, 624
-924, 396, 890
-980, 604, 1179
-1094, 850, 1359
-1077, 889, 1640
-912, 777, 1753
-678, 564, 1649
-322, 246, 1551
26, -223, 1617
-,-,-
-825, 809, 11
-825, 809, 11
-996, 736, 31
-1104, 547, 101
-1114, 202, 380
-893, -614, 1093
-651, -1453, 1741
-558, -1705, 1998
-387, -1956, 1998
-157, -1997, 1998
-142, -1957, 1965
-63, -1881, 1998
-150, -1743, 1998
-388, -1900, 1998
-442, -1917, 1997
-405, -1579, 1653
-341, -1237, 1114
-308, -1089, 753
-351, -911, 641
-334, -850, 528
-330, -804, 439
-367, -691, 339
-430, -502, 323
-496, -307, 528
-572, -39, 664
-687, 273, 805
-880, 603, 1144
-1064, 803, 1466
-1131, 871, 1668
-1030, 734, 1725
-814, 445, 1660
-510, 48, 1659
-276, -296, 1697
-,-,-
-1202, 1415, -528
-1220, 1037, -683
-1248, 536, -538
-1155, 245, -81
-1044, -64, 389
-804, -799, 1065
-663, -1807, 1742
-834, -1998, 1998
-970, -1998, 1998
-866, -1956, 1998
-777, -1864, 1950
-565, -1919, 1998
-603, -1998, 1998
-413, -1998, 1998
-262, -1920, 1725
-220, -1673, 1107
-184, -1528, 510
-149, -1353, 193
-197, -1138, 183
-236, -999, 200
-312, -854, 67
-466, -516, 40
-466, -516, 40
-675, -25, 363
-929, 392, 986
-1083, 658, 1501
-1242, 922, 1744
-1219, 926, 1799
-1081, 793, 1859
-833, 465, 1806
-575, 86, 1759
-,-,-
-968, 992, 104
-1172, 1350, -86
-1268, 1625, -263
-1203, 1395, -439
-1155, 813, -212
-1027, -157, 729
-905, -1406, 1673
-787, -1998, 1998
-780, -1998, 1998
-716, -1946, 1998
-753, -1707, 1913
-668, -1674, 1998
-273, -1990, 1998
414, -1998, 1729
438, -1906, 1123
290, -1583, 736
290, -1583, 736
112, -1298, 405
-26, -1133, 309
-102, -1062, 324
-198, -958, 318
-339, -752, 376
-539, -405, 538
-704, -66, 748
-831, 248, 1027
-979, 545, 1297
-1124, 827, 1544
-1127, 884, 1708
-986, 716, 1756
-777, 466, 1669
-561, 265, 1595
-323, -33, 1486
-200, -278, 1580
-,-,-
-766, 1025, -392
-1041, 1348, -247
-1182, 1152, -236
-1314, 876, -289
-1564, 771, 91
-1561, 440, 637
-1231, -785, 1055
-1101, -1911, 1827
-1072, -1998, 1998
-886, -1998, 1998
-422, -1998, 1998
0, -1998, 1856
134, -1998, 1856
96, -1998, 1838
59, -1998, 1997
136, -1998, 1581
159, -1794, 1027
72, -1540, 669
-79, -1416, 419
-259, -1343, 405
-461, -1215, 398
-579, -1107, 303
-720, -848, 260
-747, -500, 356
-730, 22, 649
-837, 436, 951
-837, 436, 951
-1101, 842, 1354
-1199, 1159, 1742
-1027, 1136, 1781
-841, 949, 1713
-612, 577, 1722
-331, 114, 1673
-97, -301, 1661
-65, -509, 1571
-177, -565, 1639
-,-,-
-1290, 1520, -97
-1688, 1931, -241
-1984, 1997, -658
-1969, 1490, -715
-1635, 99, 0
-1093, -1121, 1141
-667, -1957, 1934
-434, -1998, 1998
-251, -1998, 1998
-21, -1998, 1998
322, -1998, 1957
487, -1998, 1628
358, -1998, 1225
231, -1998, 1343
-49, -1933, 1222
-170, -1482, 842
-221, -1151, 674
-187, -1182, 484
-182, -1186, 389
-244, -1083, 429
-282, -1072, 357
-362, -1015, 416
-552, -757, 543
-673, -416, 603
-682, -86, 824
-750, 290, 1158
-905, 607, 1530
-985, 786, 1760
-870, 877, 1763
-682, 801, 1699
-682, 801, 1699
-457, 473, 1677
-309, 268, 1501
-199, 88, 1376
-129, -91, 1299
-110, -255, 1323
-124, -404, 1424
-,-,-
-559, 842, 131
-668, 1385, 221
-757, 1768, 35
-882, 1836, 91
-989, 1468, 638
-965, 771, 1160
-779, -180, 1627
-547, -1319, 1965
-273, -1873, 1998
-250, -1998, 1998
-341, -1998, 1989
-342, -1998, 1734
-426, -1998, 1998
-231, -1998, 1998
-75, -1998, 1889
47, -1981, 1391
64, -1713, 972
4, -1502, 523
-84, -1338, 235
-224, -1253, 194
-327, -1109, 216
-394, -970, 43
-469, -781, -23
-565, -655, 138
-565, -655, 138
-735, -391, 475
-835, -6, 960
-940, 190, 1457
-992, 220, 1934
-1093, 483, 1998
-1162, 712, 1998
-1100, 748, 1998
-768, 480, 1847
-481, 231, 1515
-294, 66, 1328
-148, -64, 1183
-49, -172, 1051
3, -201, 991
3, -201, 991
57, -260, 868
84, -280, 865
125, -301, 915
202, -347, 995
279, -388, 1024
-,-,-
-1954, 1001, -57
-1563, 68, 633
-1040, -1001, 1606
-445, -1935, 1998
-138, -1998, 1998
83, -1998, 1998
122, -1998, 1998
40, -1998, 1998
121, -1998, 1981
217, -1998, 1998
40, -1998, 1588
-194, -1862, 962
-162, -1456, 642
-135, -1222, 386
-159, -1087, 360
-206, -1212, 229
-291, -1355, 332
-391, -1461, 486
-521, -1330, 521
-562, -1164, 460
-585, -975, 270
-580, -683, 345
-539, -256, 702
-705, 281, 1131
-954, 790, 1584
-988, 931, 1911
-878, 970, 1978
-736, 950, 1900
-577, 735, 1714
-387, 416, 1589
-387, 416, 1589
-,-,-
-109, 493, -103
-54, 674, 41
-237, 913, 219
-530, 1165, 532
-880, 1300, 899
-1261, 1135, 1508
-1369, 595, 1998
-1259, -272, 1998
-1069, -1230, 1998
-725, -1951, 1998
-363, -1998, 1869
-175, -1998, 1998
163, -1998, 1998
483, -1998, 1842
386, -1998, 970
318, -1863, 568
175, -1520, 244
-76, -1348, 21
-280, -1226, 112
-543, -913, 268
-627, -684, 322
-588, -604, 464
-588, -604, 464
-642, -391, 735
-805, 226, 1159
-1013, 757, 1504
-1179, 1023, 1772
-1273, 1214, 1998
-930, 844, 1959
-596, 502, 1717
-333, 150, 1339
-149, -69, 1145
-44, -276, 1091
-19, -347, 1108
-55, -392, 1218
-113, -400, 1287
-137, -391, 1308
-,-,-
-1090, 1500, -255
-1078, 1436, -317
-927, 989, -134
-756, 263, 281
-673, -802, 859
-483, -1757, 1786
-451, -1997, 1998
-505, -1891, 1998
-506, -1626, 1946
-401, -1852, 1998
115, -1998, 1998
-148, -1899, 1988
-306, -1129, 1499
-203, -921, 790
-113, -843, 533
-130, -886, 406
-131, -1105, 483
-155, -1294, 578
-240, -1290, 602
-355, -1222, 472
-443, -997, 348
-470, -683, 399
-515, -171, 607
-670, 596, 920
-928, 1228, 1413
-1070, 1470, 1781
-917, 1263, 1886
-635, 920, 1792
-341, 499, 1522
-93, 106, 1315
65, -234, 1102
65, -234, 1102
58, -373, 1083
-47, -418, 1163
-,-,-
-287, 750, 9
-329, 655, -253
-553, 934, -196
-914, 1588, -184
-1289, 1997, -475
-1663, 1997, -818
-1930, 1825, -394
-1811, 666, 394
-1466, -529, 1047
-1010, -1797, 1618
-472, -1998, 1998
108, -1998, 1998
450, -1998, 1998
591, -1998, 1998
353, -1998, 1998
191, -1998, 1998
40, -1998, 1998
-54, -1854, 1929
-114, -1370, 1280
-155, -1089, 706
-114, -1028, 385
-192, -935, 430
-277, -847, 435
-342, -821, 340
-415, -586, 471
-596, -152, 690
-748, 314, 963
-980, 721, 1200
-1145, 1042, 1546
-1135, 1143, 1764
-938, 1036, 1651
-648, 746, 1461
-355, 378, 1317
-124, 27, 1241
-124, 27, 1241
-2, -169, 1278
-,-,-
-728, 993, 116
-881, 1400, -91
-1114, 1872, -205
-1205, 1745, -363
-947, 841, -297
-534, -256, 223
-86, -1353, 882
-97, -1921, 1740
-200, -1993, 1998
-177, -1998, 1998
-263, -1998, 1927
-223, -1998, 1998
-150, -1998, 1998
-20, -1998, 1998
-32, -1998, 1953
-111, -1828, 1395
-69, -1576, 677
-69, -1480, 325
-110, -1547, 239
-261, -1502, 340
-518, -1156, 217
-638, -698, -14
-577, -244, 100
-485, 173, 638
-773, 707, 1201
-1115, 1201, 1692
-1047, 1292, 1818
-771, 1169, 1845
-527, 879, 1816
-339, 501, 1654
-184, 242, 1433
-113, 1, 1257
-113, 1, 1227
-137, -192, 1227
-127, -351, 1193
-126, -447, 1209
-99, -543, 1234
-,-,-
-988, 1352, 206
-1567, 1863, 101
-1852, 1995, -389
-1542, 1357, -520
-791, -211, 159
-358, -1160, 1324
-132, -1643, 1944
178, -1998, 1998
635, -1998, 1998
697, -1998, 1998
596, -1997, 1785
368, -1998, 1698
122, -1996, 1593
-164, -1907, 1899
-269, -1606, 1998
-181, -1381, 1601
-104, -1095, 764
-79, -993, 398
-184, -845, 579
-280, -671, 735
-397, -381, 659
-539, 14, 486
-539, 14, 486
-715, 299, 680
-1397, 1170, 1989
-1143, 988, 1809
-862, 945, 1385
-698, 783, 1232
-507, 383, 1329
-381, 76, 1263
-277, -110, 1142
-195, -288, 1200
-226, -386, 1385
-237, -476, 1561
-,-,-
-1457, 1888, -652
-1579, 1820, -890
-1688, 1441, -997
-1619, 555, -472
-1223, -696, 612
-737, -1956, 1669
-526, -1998, 1998
-408, -1998, 1998
-133, -1998, 1998
13, -1998, 1995
167, -1998, 1998
174, -1998, 1998
99, -1968, 1898
32, -1504, 1241
-42, -1088, 630
-116, -882, 399
-207, -771, 332
-272, -788, 460
-312, -759, 580
-312, -759, 580
-336, -640, 578
-448, -364, 638
-611, 56, 897
-768, 458, 1038
-857, 793, 1245
-792, 914, 1436
-655, 826, 1555
-532, 603, 1510
-363, 326, 1473
-157, -38, 1431
