-,-,-
-105, 282, 782
-119, 710, 729
-259, 1276, 825
-457, 1780, 1133
-585, 1823, 1755
-533, 1139, 1998
-329, -36, 1998
-91, -1303, 1998
-48, -1970, 1998
-126, -1998, 1998
-289, -1998, 1777
-484, -1998, 1121
-646, -1872, 687
-700, -1560, 414
-607, -1396, 303
-467, -1288, -14
-428, -1018, -341
-502, -607, -654
-516, -510, -825
-836, -55, -797
-1064, 352, -792
-1074, 589, -892
-1095, 876, -801
-1028, 1341, -552
-909, 1829, -395
-919, 1997, -32
-709, 1997, 377
-709, 1997, 377
-249, 1960, 1096
91, 1492, 1861
311, 699, 1998
580, 36, 1998
647, -356, 1998
598, -846, 1998
780, -1525, 1998
892, -1877, 1998
577, -1491, 1525
456, -1493, 1290
127, -1156, 1272
-60, -971, 1262
-174, -612, 1152
-98, -354, 876
-,-,-
-131, 154, 1352
-102, 273, 1577
-126, 342, 1873
-433, 224, 1998
-433, 224, 1998
-779, -192, 1998
-888, -834, 1998
-806, -1332, 1998
-854, -1602, 1998
-769, -1780, 1975
-424, -1486, 820
-399, -1269, 426
-427, -1168, 296
-427, -1168, 296
-465, -1007, 92
-637, -662, -420
-779, -347, -857
-844, -182, -996
-1007, 81, -906
-1065, 517, -969
-1015, 876, -1187
-931, 1077, -952
-768, 1184, -643
-606, 1160, -450
-503, 1168, -19
-536, 1362, 387
-518, 1601, 764
-263, 1602, 1047
31, 1496, 1347
112, 1374, 1836
136, 1055, 1998
200, 628, 1998
418, -187, 1998
804, -1043, 1998
941, -1430, 1750
494, -1175, 1979
374, -1327, 1660
334, -1614, 1690
280, -1724, 1666
89, -1315, 1468
-111, -830, 1359
-258, -453, 1202
-259, -241, 1199
-166, -150, 1167
-49, -133, 1108
37, -136, 1055
37, -136, 1055
56, -140, 1052
66, -181, 1084
72, -209, 1127
-,-,-
313, -384, 1429
318, -430, 1495
223, -278, 1653
147, 39, 1917
147, 39, 1917
116, 85, 1994
-118, -542, 1998
-255, -1526, 1998
-605, -1987, 1998
-891, -1998, 1998
-940, -1998, 1802
-741, -1998, 1080
-626, -1998, 764
-640, -1906, 576
-744, -1484, 228
-862, -1082, -55
-949, -638, -496
-1016, -146, -931
-997, 240, -1245
-825, 320, -1376
-732, 459, -1088
-716, 604, -831
-752, 746, -494
-695, 993, -196
-601, 1367, -12
-516, 1764, 106
-410, 1991, 244
-256, 1997, 492
-179, 1997, 773
-144, 1859, 1106
-9, 1394, 1333
226, 749, 1608
226, 749, 1608
418, 230, 1875
418, -94, 1979
302, -457, 1955
222, -754, 1967
215, -1001, 1827
316, -1401, 1891
435, -1798, 1993
420, -1807, 1980
403, -1429, 1672
244, -1019, 1267
132, -816, 1304
-5, -622, 1209
-123, -403, 1292
-131, -231, 1114
-91, -137, 1059
30, -244, 1031
119, -301, 1017
119, -301, 1017
132, -269, 1020
141, -258, 1008
148, -268, 1021
-,-,-
-55, 413, 1662
-220, 574, 1920
-434, 479, 1998
-505, 187, 1998
-518, -404, 1998
-506, -1096, 1998
-391, -1563, 1981
-210, -1771, 1394
-73, -1745, 626
29, -1811, -19
-59, -1880, -636
-179, -1968, -560
-503, -1639, -810
-719, -1183, -1001
-868, -712, -1113
-1014, -278, -901
-1011, -55, -584
-954, 227, -234
-959, 701, -105
-909, 1127, 195
-723, 1279, 597
-435, 1259, 741
-202, 1270, 663
6, 1334, 731
258, 1357, 875
258, 1357, 875
367, 1402, 979
338, 1355, 976
370, 1214, 1030
391, 1048, 1022
425, 746, 975
350, 350, 964
194, -157, 1206
206, -658, 1516
206, -658, 1516
248, -996, 1651
435, -1414, 1591
527, -1813, 1599
290, -1763, 1773
-102, -1445, 1941
-244, -1221, 1842
-324, -928, 1556
-373, -725, 1383
-345, -610, 1413
-259, -587, 1365
-,-,-
-38, -31, 1478
-137, -18, 1695
-185, -213, 1845
-246, -558, 1998
-328, -877, 1998
-439, -1082, 1998
-655, -1219, 1998
-692, -1403, 1998
-516, -1780, 1934
-371, -1994, 1542
-354, -1998, 1074
-372, -1930, 620
-386, -1710, 178
-400, -1382, -266
-541, -832, -643
-770, -234, -913
-948, 203, -968
-937, 351, -988
-851, 411, -826
-774, 544, -605
-714, 688, -520
-682, 784, -481
-593, 842, -421
-489, 1027, -274
-466, 1181, 99
-466, 1181, 99
-583, 1324, 495
-582, 1492, 840
-397, 1482, 1010
-104, 1215, 1247
212, 798, 1429
220, 605, 1540
179, 165, 1796
415, -676, 1998
683, -1481, 1998
604, -1587, 1998
353, -1208, 1709
490, -1423, 1820
679, -1800, 1601
697, -1807, 1631
499, -1409, 1241
331, -995, 973
129, -677, 907
129, -677, 907
-94, -464, 1025
-178, -446, 893
-136, -531, 873
-90, -551, 947
-98, -463, 958
-132, -352, 880
-142, -334, 864
-112, -378, 925
-84, -434, 968
-104, -390, 971
-163, -325, 968
-163, -325, 968
-,-,-
-87, -18, 1405
-194, 143, 1816
-299, -3, 1998
-319, -550, 1998
-364, -1154, 1998
-360, -1597, 1998
-353, -1776, 1998
-336, -1839, 1909
-380, -1775, 1419
-305, -1743, 1035
-383, -1594, 687
-514, -1371, 443
-600, -1266, 316
-463, -1417, 46
-361, -1374, -105
-414, -1041, -552
-568, -615, -714
-758, -239, -798
-854, 79, -864
-818, 222, -830
-735, 373, -682
-733, 586, -527
-806, 891, -406
-833, 1224, -296
-833, 1224, -296
-835, 1584, -161
-759, 1758, 222
-683, 1787, 673
-670, 1793, 845
-606, 1717, 1018
-403, 1351, 1341
-182, 705, 1724
106, -200, 1998
448, -1211, 1998
662, -1785, 1998
492, -1691, 1998
443, -1397, 1263
403, -1569, 1628
685, -1873, 1478
345, -1669, 1596
171, -1280, 1261
81, -973, 1092
-42, -729, 1136
-111, -645, 1073
-101, -564, 965
-103, -550, 969
-81, -527, 997
-58, -518, 986
-,-,-
80, 275, 1423
66, 476, 1730
-55, 578, 1998
-161, 195, 1998
-92, -506, 1998
-7, -1289, 1998
-78, -1856, 1998
-276, -1998, 1998
-423, -1998, 1759
-422, -1998, 1490
-484, -1998, 1255
-627, -1927, 1117
-763, -1600, 932
-783, -1290, 747
-622, -1045, 361
-383, -797, -216
-252, -469, -582
-266, -228, -880
-571, 81, -955
-852, 400, -706
-992, 682, -667
-992, 682, -667
-970, 801, -741
-831, 825, -658
-611, 854, -405
-510, 1031, -75
-448, 1290, 85
-404, 1443, 237
-360, 1447, 407
-294, 1326, 774
-240, 1223, 1190
-235, 1038, 1457
-362, 992, 1540
-517, 810, 1802
-536, 171, 1998
-200, -808, 1998
137, -1495, 1895
409, -1899, 1907
520, -1995, 1967
517, -1998, 1981
351, -1949, 1586
147, -1526, 1339
31, -1253, 1189
-36, -986, 1063
-36, -986, 1063
-78, -765, 947
-102, -657, 896
-124, -594, 904
-126, -525, 927
-106, -446, 897
-73, -395, 939
-46, -363, 938
-37, -337, 925
-,-,-
174, -84, 1996
1, -325, 1998
-28, -539, 1998
-28, -539, 1998
-5, -731, 1998
-60, -926, 1998
-257, -1179, 1998
-500, -1338, 1995
-611, -1412, 1545
-580, -1474, 981
-426, -1610, 577
-389, -1508, 306
-365, -1296, 0
-236, -1184, -439
-105, -1222, -616
-105, -1185, -714
-287, -911, -711
-506, -544, -654
-672, -201, -648
-790, 48, -582
-795, 180, -425
-752, 385, -267
-645, 563, -163
-629, 707, -37
-647, 915, 48
-615, 1143, 293
-604, 1361, 543
-643, 1465, 659
-635, 1420, 774
-635, 1420, 774
-577, 1349, 1057
-475, 1216, 1463
-295, 852, 1816
-173, 394, 1975
-68, -89, 1998
90, -691, 1998
166, -1123, 1998
142, -1310, 1790
169, -1434, 1889
358, -1665, 1998
292, -1522, 1601
375, -1464, 1193
267, -1323, 1342
290, -1270, 1101
250, -1051, 947
213, -896, 815
121, -675, 768
59, -536, 771
59, -536, 748
48, -471, 748
18, -424, 821
2, -371, 847
-13, -336, 879
-42, -300, 935
-80, -278, 998
-80, -278, 998
-88, -269, 1073
-,-,-
-141, 487, 1320
-166, 601, 1712
-108, 476, 1998
13, 112, 1998
133, -465, 1998
292, -1113, 1998
530, -1668, 1998
523, -1855, 1797
375, -1922, 1530
98, -1905, 1166
-229, -1668, 889
-362, -1484, 1097
-532, -1271, 857
-549, -1127, 842
-452, -1010, 655
-373, -873, 491
-222, -823, 381
-119, -764, 175
-119, -764, 175
-38, -651, -73
-35, -453, -276
-105, -214, -411
-203, -28, -483
-259, 91, -586
-328, 258, -561
-410, 463, -567
-454, 643, -607
-504, 729, -621
-542, 804, -453
-518, 938, -248
-476, 1035, -94
-492, 1019, 125
-522, 976, 372
-522, 976, 372
-450, 958, 584
-274, 852, 821
-132, 665, 1101
4, 448, 1469
110, 298, 1822
137, 227, 1971
60, 179, 1998
60, 179, 1998
86, -35, 1998
327, -460, 1998
490, -774, 1998
452, -836, 1974
396, -936, 1896
-,-,-
207, -93, 1819
270, -345, 1935
266, -772, 1998
201, -1104, 1998
46, -1233, 1998
-104, -1207, 1998
-290, -1205, 1982
-378, -1224, 1747
-247, -1239, 1449
-227, -1268, 1213
-157, -1334, 1100
-138, -1293, 819
-155, -1190, 656
-201, -1103, 423
-177, -1052, 65
-110, -898, -444
-67, -830, -762
-224, -797, -709
-631, -571, -519
-841, -285, -551
-892, 40, -838
-845, 344, -1079
-854, 683, -1168
-996, 1028, -889
-1089, 1239, -525
-969, 1208, -241
-736, 1116, 39
-598, 1148, 638
-553, 1187, 1217
-367, 932, 1822
-100, 561, 1998
203, 266, 1998
448, -17, 1998
652, -429, 1998
646, -760, 1993
646, -760, 1993
583, -952, 1998
615, -1192, 1994
636, -1358, 1809
561, -1353, 1531
269, -1169, 1606
69, -969, 1581
7, -870, 1487
13, -787, 1299
106, -719, 1057
93, -635, 860
121, -570, 821
116, -538, 757
116, -538, 757
94, -444, 789
70, -404, 839
47, -386, 864
55, -356, 882
34, -324, 936
-,-,-
-13, 188, 1555
30, 182, 1800
82, -56, 1941
243, -538, 1993
472, -1018, 1990
640, -1302, 1887
640, -1302, 1887
580, -1335, 1764
398, -1215, 1638
168, -1059, 1455
-25, -951, 1350
-41, -944, 1268
-91, -916, 1012
-10, -1075, 1052
73, -1247, 860
98, -1281, 717
112, -1234, 444
166, -1247, 149
200, -1185, -85
233, -1053, -299
172, -904, -398
1, -740, -442
-256, -510, -448
-482, -250, -360
-678, 41, -331
-678, 41, -331
-826, 294, -344
-923, 470, -363
-949, 622, -292
-916, 743, -171
-916, 905, 102
-885, 1104, 383
-720, 1291, 727
-448, 1387, 905
-165, 1377, 1230
134, 1182, 1514
475, 793, 1890
696, 510, 1998
696, 510, 1998
879, 102, 1998
982, -457, 1998
906, -763, 1991
772, -1000, 1991
847, -1466, 1727
759, -1629, 1530
418, -1422, 1357
101, -1298, 1454
70, -1341, 1352
55, -1319, 1210
39, -1079, 1069
-23, -742, 968
-61, -502, 847
-22, -403, 819
25, -366, 762
25, -366, 762
70, -339, 836
66, -314, 915
-,-,-
-81, -170, 967
-89, -111, 965
-93, -59, 923
-93, -59, 923
-85, 17, 877
-51, 191, 876
26, 588, 910
-16, 1189, 1092
-115, 1562, 1543
-266, 1526, 1970
-452, 980, 1998
-452, 980, 1998
-527, 60, 1998
-433, -875, 1998
-328, -1732, 1998
-261, -1998, 1998
-312, -1998, 1949
-442, -1998, 1453
-503, -1953, 979
-568, -1833, 803
-604, -1724, 763
-613, -1506, 514
-624, -1226, 239
-547, -876, -209
-558, -395, -570
-622, 22, -773
-828, 292, -704
-960, 432, -534
-929, 643, -658
-816, 728, -857
-829, 869, -839
-1048, 1329, -398
-1135, 1864, -141
-1163, 1997, 390
-1054, 1997, 965
-748, 1707, 1404
-190, 1017, 1757
277, 366, 1992
377, -105, 1998
390, -664, 1998
576, -1234, 1998
678, -1509, 1998
668, -1654, 1936
545, -1654, 1667
407, -1744, 1535
254, -1787, 1524
157, -1506, 1390
120, -1117, 1170
135, -751, 913
166, -495, 811
163, -329, 876
163, -329, 876
126, -200, 959
67, -82, 988
24, -6, 1022
-3, 18, 1076
-3, 18, 1076
2, 13, 1057
8, -10, 1017
-22, -64, 1013
-,-,-
27, 640, 1324
89, 602, 1672
155, 226, 1998
197, -396, 1998
37, -961, 1998
37, -961, 1998
-226, -1302, 1998
-490, -1579, 1998
-704, -1886, 1998
-778, -1998, 1857
-580, -1998, 474
-551, -1943, -6
-551, -1943, -6
-578, -1596, -330
-557, -1327, -654
-579, -1060, -830
-762, -386, -456
-749, -129, -515
-789, 201, -467
-789, 201, -467
-818, 482, -280
-778, 654, -562
-678, 967, -650
-632, 1294, -164
-721, 1615, 491
-721, 1934, 819
-427, 1953, 688
4, 1674, 582
258, 1390, 870
303, 1375, 1282
470, 1055, 1318
719, 759, 1278
719, 759, 1278
702, 266, 1545
396, 61, 1922
255, -417, 1989
317, -1041, 1747
79, -1280, 1684
-202, -1432, 1952
-322, -1678, 1997
-276, -1754, 1962
-307, -1442, 1620
-333, -1146, 1336
-217, -1230, 1331
-4, -1231, 1123
180, -1053, 793
230, -832, 649
173, -633, 618
125, -552, 644
42, -502, 797
-,-,-
95, 371, 749
172, 481, 732
77, 607, 906
77, 607, 906
-173, 832, 1544
-309, 828, 1984
-420, 504, 1998
-646, -162, 1998
-774, -937, 1998
-724, -1616, 1998
-548, -1991, 1998
-462, -1998, 1971
-480, -1998, 1538
-507, -1998, 963
-584, -1998, 586
-724, -1869, 472
-797, -1641, 433
-788, -1466, 311
-800, -1198, 108
-830, -710, -273
-818, -268, -559
-839, 124, -582
-883, 330, -718
-911, 497, -777
-949, 750, -762
-942, 1006, -896
-904, 1289, -967
-806, 1573, -706
-583, 1851, -507
-419, 1997, -188
-379, 1943, 164
-402, 1628, 613
-352, 1304, 1230
-396, 1031, 1876
-430, 795, 1998
-258, 392, 1998
-258, 392, 1998
-17, -244, 1998
123, -1004, 1998
64, -1397, 1998
-88, -1416, 1998
66, -1654, 1918
288, -1979, 1528
295, -1923, 1271
185, -1459, 976
92, -983, 688
49, -680, 531
0, -491, 558
-63, -312, 714
-63, -312, 714
-107, -137, 789
-138, -11, 859
-153, 88, 975
-134, 109, 1063
-,-,-
-154, 340, 1401
-106, 304, 1622
-28, 265, 1929
3, 269, 1998
-47, 146, 1998
-141, -244, 1998
-173, -792, 1998
-338, -1199, 1998
-649, -1425, 1998
-898, -1736, 1998
-931, -1983, 1696
-804, -1998, 780
-717, -1823, 146
-690, -1418, -246
-678, -1179, -403
-640, -1049, -538
-597, -862, -840
-579, -598, -956
-702, -330, -731
-819, 0, -541
-786, 337, -564
-669, 345, -773
-640, 439, -628
-715, 658, -421
-804, 1119, -216
-860, 1626, 267
-834, 1995, 696
-658, 1997, 808
-416, 1997, 1082
-247, 1997, 1559
-247, 1997, 1559
-125, 1937, 1939
-113, 1425, 1998
-275, 695, 1998
-250, -167, 1998
-107, -960, 1998
53, -1640, 1998
26, -1982, 1998
-19, -1998, 1993
-90, -1998, 1914
-156, -1998, 1545
-235, -1834, 1207
-173, -1393, 1016
22, -1016, 813
187, -683, 705
220, -327, 695
86, 11, 988
-92, 332, 1207
-234, 434, 1335
-270, 322, 1316
-,-,-
-118, 906, 1911
-24, 175, 1998
5, -531, 1998
-289, -1277, 1998
-451, -1899, 1998
-688, -1998, 1998
-802, -1998, 1894
-820, -1998, 1281
-795, -1963, 606
-796, -1779, 365
-805, -1513, 77
-747, -1149, -193
-610, -987, -505
-615, -763, -728
-781, -375, -825
-1020, 15, -676
-1066, 156, -649
-1032, 370, -638
-946, 618, -681
-834, 750, -871
-847, 946, -847
-897, 1299, -464
-738, 1715, -351
-643, 1931, -126
-708, 1997, 308
-620, 1997, 847
-620, 1997, 847
-469, 1993, 1478
-540, 1680, 1982
-583, 1177, 1998
-529, 538, 1998
-521, -17, 1998
-624, -349, 1998
-622, -984, 1998
-330, -1926, 1998
-110, -1985, 1992
100, -1985, 1579
306, -1977, 1225
424, -1988, 901
305, -1588, 859
90, -955, 775
-83, -515, 637
-170, -161, 716
-149, -80, 849
-96, -51, 925
-61, 30, 951
-61, 30, 951
-30, 119, 914
-4, 170, 939
-3, 78, 1043
-3, 78, 1043
-,-,-
191, 1339, 1191
156, 1473, 1621
99, 1033, 1998
-21, 361, 1998
-186, -549, 1998
-316, -1576, 1998
-448, -1998, 1998
-487, -1998, 1998
-578, -1998, 1816
-690, -1998, 1333
-716, -1904, 802
-714, -1709, 474
-659, -1507, 71
-641, -1201, -127
-590, -973, -545
-670, -714, -821
-895, -400, -864
-1034, -171, -744
-995, 44, -779
-884, 110, -817
-824, 187, -689
-718, 429, -670
-593, 786, -582
-527, 1184, -184
-764, 1847, 424
-713, 1997, 723
-713, 1997, 723
-381, 1997, 713
-349, 1997, 1199
-401, 1997, 1673
-454, 1963, 1982
-349, 1359, 1998
-238, 639, 1998
-276, 81, 1998
-246, -856, 1998
-217, -1707, 1998
-318, -1858, 1998
-276, -1944, 1998
-2, -1998, 1874
175, -1989, 1687
185, -1596, 1271
91, -1048, 927
24, -679, 858
-30, -405, 942
-102, -146, 992
-115, 53, 963
-117, 128, 942
-117, 128, 942
-119, 119, 1012
-131, 100, 1108
-117, 105, 1110
-80, 96, 1017
-65, 68, 1006
-,-,-
25, 386, 1871
115, 224, 1915
149, 105, 1998
-131, -35, 1998
-557, -427, 1998
-637, -1134, 1998
-690, -1591, 1998
-648, -1602, 1932
-694, -1496, 1331
-748, -1434, 831
-716, -1327, 506
-484, -1260, 76
-229, -1232, -514
-139, -1152, -863
-235, -1029, -923
-558, -757, -624
-859, -348, -713
-883, 28, -880
-769, 63, -1110
-644, 35, -1158
-534, 186, -1147
-545, 267, -1044
-649, 304, -744
-718, 421, -420
-652, 647, -176
-652, 647, -176
-606, 827, -5
-563, 1248, 360
-473, 1526, 535
-456, 1635, 963
-474, 1691, 1432
-430, 1694, 1826
-332, 1434, 1998
-368, 933, 1998
-469, 745, 1998
-519, 755, 1998
-356, 295, 1998
-150, -610, 1998
-203, -1084, 1998
-253, -1459, 1998
-22, -1935, 1966
-72, -1943, 1823
-261, -1365, 1498
-341, -771, 1081
-322, -578, 858
-192, -553, 772
-124, -488, 807
-119, -337, 939
-140, -221, 1008
-155, -111, 1055
-150, -35, 1066
-144, -16, 1076
-151, 30, 1041
-,-,-
-82, 931, 1587
-76, 1111, 1938
-75, 859, 1998
-37, 568, 1998
-225, 192, 1998
-225, 192, 1998
-353, -375, 1998
-297, -1023, 1998
-325, -1451, 1993
-359, -1493, 1244
-361, -1481, 978
-328, -1535, 713
-272, -1631, 408
-199, -1637, 137
-152, -1562, -58
-164, -1405, -308
-251, -1225, -293
-348, -1165, -300
-464, -1066, -276
-577, -839, -215
-612, -601, -230
-587, -315, -326
-605, 77, -491
-628, 420, -413
-706, 853, -147
-706, 853, -147
-718, 1240, -4
-607, 1453, -117
-474, 1686, -135
-300, 1908, -174
-302, 1883, 12
-413, 1776, 419
-408, 1604, 899
-251, 1263, 1236
-178, 923, 1608
-177, 681, 1974
-186, 408, 1998
-244, 30, 1998
-333, -223, 1998
-331, -462, 1998
-290, -792, 1998
-113, -1214, 1998
64, -1325, 1824
61, -1257, 1487
-37, -1049, 1275
-177, -878, 1261
-278, -744, 1226
-232, -629, 1018
-169, -440, 906
-169, -440, 906
-102, -262, 855
-111, -108, 873
-111, 0, 854
-140, 51, 929
-162, 47, 974
-,-,-
-87, 481, 1067
-105, 767, 1171
-56, 867, 1524
-125, 837, 1947
-315, 720, 1998
-404, 521, 1998
-313, 94, 1998
-155, -457, 1998
-47, -1079, 1998
-47, -1079, 1998
-53, -1430, 1998
-204, -1572, 1939
-386, -1609, 1129
-358, -1598, 743
-320, -1540, 417
-313, -1457, 144
-247, -1360, -111
-181, -1163, -348
-130, -928, -736
-168, -878, -940
-339, -841, -799
-592, -521, -359
-674, -201, -155
-536, -156, -285
-361, -238, -384
-320, -210, -374
-388, 110, -252
-445, 454, -239
-445, 454, -239
-454, 747, -134
-464, 1021, -20
-565, 1426, 439
-561, 1791, 785
-370, 1952, 950
-218, 1808, 1180
-191, 1569, 1545
-200, 1382, 1831
-196, 1112, 1955
-179, 761, 1998
-175, 373, 1998
-220, 32, 1998
-203, -469, 1998
-122, -1048, 1998
-93, -1360, 1986
-86, -1419, 1865
-6, -1522, 1683
58, -1420, 1278
20, -1203, 1082
-52, -950, 974
-70, -818, 1007
-70, -818, 1007
-45, -710, 949
-61, -515, 991
-104, -315, 1020
-140, -118, 994
-,-,-
-94, 825, 1574
-120, 978, 1985
-104, 690, 1998
-8, 194, 1998
-8, 194, 1998
-1, -304, 1998
-24, -758, 1998
-133, -1082, 1998
-283, -1255, 1998
-462, -1292, 1985
-660, -1263, 1722
-799, -1297, 1520
-901, -1457, 1395
-909, -1487, 1306
-671, -1438, 824
-397, -1335, 301
-226, -1236, -47
-214, -968, -328
-340, -578, -583
-543, -137, -757
-678, 226, -842
-619, 222, -984
-460, 32, -975
-358, -71, -725
-235, -62, -592
-90, -63, -815
-80, 107, -876
-166, 400, -751
-176, 615, -422
-228, 813, -53
-342, 1108, 275
-342, 1108, 275
-442, 1431, 679
-552, 1725, 1280
-592, 1911, 1750
-438, 1894, 1814
-358, 1593, 1970
-411, 1197, 1998
-463, 872, 1998
-370, 314, 1998
-154, -557, 1998
-44, -1023, 1998
4, -1248, 1998
60, -1441, 1929
87, -1573, 1542
33, -1650, 1303
-,-,-
-523, -398, 1957
-266, -694, 1998
-149, -1207, 1998
-209, -1467, 1998
-394, -1399, 1907
-455, -1369, 1320
-412, -1339, 798
-359, -1287, 480
-244, -1235, 85
-130, -1183, -115
-45, -1122, -419
18, -1029, -642
1, -1095, -750
-120, -1120, -779
-312, -988, -726
-530, -570, -618
-654, -81, -716
-662, 175, -863
-676, 407, -717
-660, 627, -506
-623, 768, -345
-578, 989, -275
-455, 1229, -148
-327, 1273, -66
-310, 1228, 262
-320, 1215, 577
-320, 1215, 577
-353, 1255, 884
-377, 1277, 1147
-421, 1257, 1551
-447, 1107, 1863
-529, 1040, 1998
-507, 950, 1998
-412, 647, 1998
-234, -79, 1944
-96, -691, 1991
-151, -947, 1946
-233, -903, 1992
-85, -1218, 1854
152, -1627, 1674
186, -1516, 1513
73, -1143, 1272
-67, -803, 1105
-157, -670, 1063
-,-,-
-4, 485, 1277
133, 740, 1739
111, 778, 1991
-302, 648, 1998
-674, 256, 1998
-674, 256, 1998
-683, -379, 1998
-522, -925, 1998
-422, -1385, 1860
-417, -1515, 1498
-400, -1687, 862
-305, -1834, 351
-242, -1863, 140
-151, -1700, -115
-49, -1193, -128
33, -1121, -164
33, -1121, -164
116, -1154, -237
98, -1098, -218
-4, -913, -252
-124, -640, -321
-194, -391, -497
-247, -168, -480
-326, -5, -387
-379, 178, -318
-391, 348, -391
-338, 518, -464
-385, 716, -426
-475, 982, -227
-548, 1244, 13
-656, 1514, 304
-728, 1714, 540
-728, 1714, 540
-708, 1745, 739
-646, 1706, 974
-590, 1510, 1212
-467, 1082, 1551
-349, 538, 1928
-279, 123, 1998
-185, -260, 1998
-61, -738, 1998
-30, -988, 1998
-105, -976, 1998
-146, -1003, 1998
-61, -1123, 1920
-13, -1106, 1659
-24, -964, 1392
-,-,-
-299, -1151, 1777
-315, -1094, 1454
-377, -1068, 1187
-365, -1188, 976
-333, -1315, 690
-260, -1438, 473
-153, -1436, 201
-29, -1464, 38
99, -1539, -187
99, -1539, -187
162, -1542, -303
109, -1398, -406
-45, -1126, -426
-268, -744, -388
-506, -339, -321
-656, -14, -357
-735, 369, -453
-715, 697, -599
-717, 936, -627
-669, 913, -658
-587, 828, -519
-389, 858, -633
-263, 826, -611
-353, 759, -346
-486, 892, 110
-563, 1073, 505
-685, 1321, 1020
-692, 1333, 1310
-705, 1257, 1783
-654, 1191, 1998
-442, 1076, 1998
-44, 767, 1998
-44, 767, 1998
66, 201, 1901
-234, -204, 1998
-374, -478, 1998
-292, -994, 1989
-74, -1381, 1998
-32, -1314, 1936
-97, -1010, 1767
-74, -887, 1448
-50, -905, 1238
-23, -881, 1094
2, -791, 967
42, -713, 839
49, -601, 741
49, -601, 741
-6, -444, 804
-66, -334, 811
-123, -254, 998
-103, -181, 986
-57, -61, 1017
-,-,-
108, -142, 1088
108, -142, 1088
119, 28, 1261
151, 227, 1706
13, 295, 1998
-227, 224, 1998
-294, -33, 1998
-292, -384, 1998
-244, -734, 1998
-455, -1068, 1998
-573, -1501, 1989
-673, -1781, 1486
-705, -1862, 819
-703, -1865, 309
-637, -1660, -83
-512, -1476, -436
-410, -1336, -681
-379, -1335, -973
-416, -1108, -1075
-439, -740, -1087
-366, -467, -1126
-249, -299, -1139
-145, -218, -985
-144, -293, -615
-235, -297, -388
-455, -123, -354
-742, 234, -122
-894, 767, 166
-864, 1076, 68
-905, 1392, 121
-909, 1778, 288
-756, 1953, 474
-723, 1907, 811
-741, 1697, 1139
-703, 1358, 1589
-618, 1116, 1886
-555, 876, 1998
-438, 436, 1998
-293, -77, 1998
-144, -489, 1998
-63, -794, 1986
-63, -794, 1986
-8, -1179, 1995
70, -1532, 1998
154, -1437, 1818
296, -1305, 1611
368, -1261, 1367
294, -1093, 1248
172, -910, 1140
110, -733, 1043
57, -543, 972
4, -349, 925
-,-,-
-25, 381, 1939
-25, 381, 1939
-3, 237, 1998
75, -70, 1998
164, -448, 1998
184, -744, 1998
198, -984, 1998
104, -1125, 1998
-195, -1199, 1989
-455, -1316, 1865
-511, -1521, 1424
-448, -1628, 923
-361, -1602, 551
-281, -1574, 257
-187, -1497, 0
-213, -1350, -115
-297, -1149, -262
-400, -925, -293
-428, -756, -363
-438, -540, -341
-412, -236, -269
-407, 16, -375
-420, 257, -409
-363, 443, -356
-284, 537, -544
-315, 657, -630
-315, 657, -630
-379, 871, -349
-570, 1336, 60
-713, 1916, 370
-686, 1997, 396
-601, 1997, 633
-471, 1997, 877
-376, 1963, 1322
-244, 1691, 1670
-98, 1101, 1895
2, 323, 1998
66, -237, 1998
178, -730, 1998
178, -730, 1998
306, -1239, 1998
250, -1372, 1976
203, -1445, 1925
164, -1485, 1846
123, -1368, 1654
113, -1069, 1310
49, -730, 1074
29, -536, 941
-9, -392, 888
-,-,-
-66, -127, 1915
-75, -100, 1998
-143, -110, 1998
-210, -271, 1998
-258, -498, 1998
-258, -674, 1998
-301, -941, 1998
-364, -1306, 1986
-430, -1643, 1718
-385, -1915, 1139
-307, -1998, 761
-295, -1998, 514
-319, -1865, 239
-364, -1630, 54
-423, -1371, -13
-459, -1138, -96
-451, -901, -246
-445, -580, -454
-434, -136, -670
-427, 157, -817
-461, 329, -814
-448, 361, -798
-390, 246, -700
-346, 193, -619
-346, 193, -619
-357, 387, -541
-435, 659, -425
-516, 932, -195
-581, 1234, 179
-561, 1409, 442
-550, 1551, 703
-512, 1730, 977
-407, 1754, 1240
-290, 1558, 1447
-256, 1226, 1853
-204, 845, 1998
-186, 451, 1998
-133, -32, 1998
-63, -694, 1998
-17, -1271, 1998
-1, -1491, 1998
104, -1453, 1937
242, -1311, 1570
298, -1204, 1256
280, -1039, 1059
208, -820, 1020
158, -735, 1047
158, -735, 1047
-,-,-
21, -602, 1935
111, -976, 1998
121, -1246, 1998
-66, -1367, 1998
-295, -1302, 1998
-436, -1285, 1998
-511, -1324, 1780
-582, -1474, 1436
-670, -1649, 1149
-709, -1602, 628
-577, -1535, -3
-378, -1453, -383
-255, -1350, -572
-136, -1299, -666
-48, -1211, -766
-17, -1099, -793
-103, -829, -725
-293, -529, -597
-463, -131, -495
-530, 206, -510
-561, 403, -458
-609, 671, -396
-685, 1094, -333
-740, 1409, -396
-736, 1620, -297
-810, 1543, 93
-858, 1422, 505
-784, 1396, 790
-543, 1347, 969
-323, 1155, 1172
-178, 813, 1461
-178, 813, 1461
25, 508, 1861
195, 212, 1998
199, -231, 1998
29, -427, 1998
-61, -596, 1998
-99, -786, 1998
-138, -734, 1998
-183, -687, 1889
-146, -814, 1710
-95, -852, 1631
-45, -676, 1544
-5, -552, 1522
14, -554, 1469
14, -554, 1469
20, -561, 1454
18, -428, 1288
-19, -204, 1133
-74, -3, 976
-129, 115, 923
-,-,-
22, -353, 1950
-160, -401, 1998
-267, -418, 1998
-477, -408, 1998
-702, -497, 1998
-852, -840, 1994
-864, -1386, 1767
-733, -1696, 1090
-519, -1872, 479
-264, -1918, 34
-84, -1928, -525
-118, -1673, -583
-279, -1397, -465
-411, -1204, -543
-437, -891, -869
-371, -611, -1192
-358, -472, -1095
-378, -410, -797
-485, -251, -549
-551, -37, -439
-645, 150, -404
-778, 596, -348
-860, 1105, -283
-941, 1566, -7
-937, 1933, 299
-937, 1933, 299
-904, 1996, 551
-901, 1997, 818
-803, 1997, 1082
-741, 1943, 1495
-762, 1579, 1897
-711, 1220, 1998
-587, 672, 1998
-508, -37, 1998
-541, -462, 1998
-414, -847, 1998
-125, -1369, 1998
4, -1523, 1890
-116, -1237, 1668
-248, -1048, 1525
-259, -1073, 1461
-143, -1129, 1335
-50, -955, 1205
-16, -567, 977
-42, -232, 773
-102, -31, 792
-144, -28, 849
-178, -46, 937
-,-,-
-81, 98, 1708
-274, 58, 1998
-274, 58, 1998
-298, -102, 1998
-283, -273, 1998
-345, -421, 1998
-386, -621, 1998
-459, -848, 1998
-477, -1113, 1998
-496, -1482, 1827
-506, -1654, 1370
-437, -1720, 796
-178, -1971, 330
-112, -1989, 40
-354, -1972, -416
-730, -1303, -747
-1033, -587, -879
-974, -90, -735
-974, -90, -735
-764, -11, -630
-538, 131, -679
-321, 86, -777
-283, 95, -641
-380, 415, -408
-511, 831, -303
-689, 1369, -11
-723, 1804, 314
-632, 1992, 421
-592, 1997, 720
-526, 1963, 941
-401, 1733, 1317
-331, 1478, 1712
-367, 1250, 1992
-206, 691, 1998
-55, 58, 1998
-55, 58, 1998
-71, -232, 1998
-75, -504, 1998
0, -1019, 1998
50, -1301, 1998
29, -1178, 1755
-20, -933, 1485
-32, -832, 1258
-15, -842, 1140
-14, -789, 1057
-53, -653, 1046
-75, -417, 960
-75, -417, 960
-74, -269, 848
-,-,-
-269, 798, 1830
-322, 737, 1830
-434, 397, 1998
-541, 44, 1998
-594, -463, 1998
-503, -1078, 1998
-346, -1526, 1998
-280, -1697, 1850
-317, -1714, 1483
-349, -1727, 1169
-365, -1839, 969
-359, -1812, 763
-367, -1627, 624
-329, -1509, 526
-312, -1465, 471
-320, -1451, 367
-385, -1228, 218
-408, -866, -159
-370, -551, -580
-401, -274, -819
-453, -113, -888
-571, 93, -746
-669, 360, -643
-748, 669, -671
-713, 997, -653
-653, 1312, -498
-610, 1575, -343
-601, 1750, -209
-647, 1848, -31
-723, 1863, 417
-763, 1770, 831
-695, 1581, 1051
-528, 1191, 1274
-438, 737, 1810
-389, 384, 1998
-328, 64, 1998
-230, -339, 1998
-216, -748, 1998
-226, -903, 1998
-137, -908, 1998
-137, -908, 1917
135, -1020, 1917
320, -1098, 1474
339, -1006, 1223
255, -865, 988
146, -786, 972
37, -734, 1001
-19, -609, 984
-64, -425, 948
-68, -245, 889
-,-,-
119, 743, 1128
122, 828, 1660
-12, 819, 1998
-309, 484, 1998
-495, -33, 1998
-554, -631, 1998
-453, -1158, 1998
-318, -1649, 1994
-177, -1857, 1576
-104, -1998, 1297
-96, -1979, 1060
-61, -1998, 715
-53, -1990, 513
-112, -1813, 400
-165, -1596, 282
-186, -1383, 208
-223, -1186, 103
-327, -863, -12
-443, -439, -255
-567, -1, -462
-661, 340, -529
-661, 340, -529
-702, 523, -511
-676, 615, -493
-645, 612, -479
-616, 731, -468
-589, 966, -477
-524, 1228, -389
-528, 1350, -274
-627, 1460, 0
-670, 1622, 147
-658, 1676, 387
-736, 1491, 814
-694, 1066, 1315
-592, 546, 1792
-518, 259, 1998
-314, -58, 1998
-45, -575, 1998
-45, -575, 1998
46, -878, 1998
0, -985, 1998
48, -1044, 1998
79, -1088, 1998
55, -1028, 1877
-36, -875, 1601
-142, -757, 1479
-104, -698, 1142
-49, -742, 937
-1, -723, 893
-,-,-
-220, 851, 1510
-187, 582, 1987
-190, 333, 1998
-103, 85, 1998
24, -336, 1998
45, -777, 1998
45, -777, 1998
-3, -1025, 1998
-111, -1130, 1998
-220, -1333, 1907
-258, -1642, 1507
-274, -1765, 1081
-286, -1773, 814
-270, -1794, 563
-238, -1845, 495
-255, -1793, 415
-277, -1747, 268
-314, -1610, 105
-421, -1340, -81
-539, -1066, -153
-683, -780, -298
-880, -199, -333
-969, 320, -523
-920, 424, -761
-870, 624, -756
-842, 970, -742
-937, 1352, -535
-1042, 1762, -341
-975, 1997, -138
-836, 1997, 192
-758, 1997, 568
-714, 1996, 968
-592, 1662, 1312
-495, 1078, 1774
-449, 544, 1998
-358, 39, 1998
-321, -434, 1998
-385, -633, 1998
-384, -810, 1998
-161, -1277, 1998
47, -1440, 1998
106, -1182, 1761
98, -846, 1354
85, -714, 1114
83, -779, 1063
83, -779, 1063
83, -733, 1047
83, -505, 859
51, -333, 767
14, -252, 737
-36, -205, 807
-42, -205, 829
-42, -205, 829
-,-,-
-177, 1241, 1423
-333, 1679, 1872
-548, 1388, 1998
-657, 598, 1998
-585, -335, 1998
-447, -1109, 1998
-421, -1660, 1998
-505, -1933, 1945
-538, -1998, 1333
-523, -1998, 630
-505, -1974, 241
-447, -1952, -92
-411, -1737, -77
-382, -1686, -103
-297, -1525, -225
-206, -1483, -420
-338, -1030, -655
-480, -543, -763
-638, -73, -747
-767, 367, -644
-767, 367, -644
-743, 672, -532
-622, 769, -494
-498, 762, -340
-503, 819, 22
-626, 1044, 453
-687, 1334, 749
-547, 1544, 765
-378, 1536, 658
-362, 1501, 919
-369, 1473, 1004
-442, 1442, 1228
-480, 1328, 1550
-551, 1188, 1877
-580, 1009, 1993
-569, 634, 1998
-614, 164, 1998
-571, -284, 1998
-257, -894, 1998
122, -1452, 1990
317, -1466, 1748
261, -1200, 1474
178, -985, 1243
178, -985, 1243
257, -1084, 943
264, -1174, 923
182, -982, 843
53, -678, 819
-58, -438, 796
-107, -289, 758
-87, -238, 763
-53, -233, 740
-,-,-
-274, 1262, 1378
-383, 1186, 1855
-390, 550, 1998
-344, -157, 1998
-336, -734, 1998
-358, -1265, 1998
-324, -1704, 1998
-309, -1863, 1897
-328, -1788, 1305
-577, -1660, 868
-564, -1661, 616
-455, -1697, 380
-293, -1626, 137
-237, -1467, -23
-237, -1467, -282
-171, -1060, -442
-255, -747, -524
-341, -359, -605
-398, -27, -769
-388, 234, -949
-388, 234, -949
-315, 281, -1069
-316, 249, -1006
-346, 233, -837
-392, 312, -702
-481, 453, -528
-544, 689, -310
-735, 1097, 70
-1012, 1618, 687
-1022, 1814, 1026
-833, 1667, 1220
-727, 1437, 1606
-592, 1260, 1945
-493, 1004, 1998
-357, 445, 1998
-261, -114, 1998
-197, -314, 1998
-36, -556, 1998
220, -1118, 1998
335, -1277, 1998
277, -1128, 1767
166, -870, 1503
159, -846, 1171
201, -952, 968
208, -880, 837
208, -880, 837
177, -746, 770
116, -563, 776
45, -440, 832
28, -356, 812
33, -280, 791
7, -206, 826
7, -206, 826
-33, -120, 867
-52, -74, 897
-,-,-
-505, 499, 1938
-394, -82, 1998
-219, -819, 1998
34, -1364, 1998
41, -1480, 1998
-262, -1512, 1998
-609, -1681, 1998
-736, -1942, 1545
-612, -1998, 602
-464, -1843, 89
-179, -1747, -461
-79, -1656, -485
-173, -1651, -554
-311, -1553, -677
-353, -1425, -968
-384, -1178, -1154
-409, -888, -1298
-457, -672, -1084
-500, -488, -757
-552, -357, -538
-596, -243, -378
-611, -68, -208
-612, 217, -111
-742, 534, 78
-979, 941, 424
-1173, 1506, 766
-1187, 1902, 764
-1210, 1974, 965
-1271, 1960, 1523
-1179, 1747, 1954
-1002, 1458, 1998
-767, 957, 1998
-499, 339, 1998
-380, -105, 1998
-285, -370, 1998
-58, -823, 1998
254, -1376, 1993
347, -1575, 1833
235, -1391, 1526
256, -1515, 1327
422, -1944, 1118
514, -1852, 865
514, -1852, 865
435, -1442, 772
231, -870, 719
30, -482, 729
-95, -254, 860
-118, -180, 826
-86, -151, 791
-22, -166, 746
16, -160, 774
16, -160, 774
19, -135, 857
-,-,-
-131, 458, 1576
-99, 458, 1836
-119, 464, 1998
-106, 237, 1998
-165, -332, 1998
-117, -1211, 1998
-36, -1854, 1998
-184, -1984, 1995
-389, -1998, 1534
-514, -1969, 880
-501, -1998, 505
-477, -1998, 260
-477, -1995, 13
-517, -1799, -126
-412, -1617, -457
-350, -1507, -712
-344, -1231, -1003
-438, -811, -1164
-534, -381, -1265
-622, -32, -1297
-685, 12, -1213
-822, -23, -832
-944, 104, -383
-1054, 353, -47
-1000, 698, 218
-976, 896, 396
-1122, 1274, 887
-1021, 1668, 1310
-794, 1754, 1401
-591, 1750, 1664
-404, 1610, 1947
-272, 1430, 1998
-126, 961, 1998
10, 361, 1998
85, 27, 1998
85, 27, 1998
179, -298, 1998
413, -747, 1996
569, -1143, 1802
544, -1257, 1602
378, -1246, 1586
-,-,-
-433, -140, 1970
-299, -281, 1998
-296, -490, 1998
-447, -822, 1998
-480, -1166, 1998
-444, -1507, 1996
-404, -1685, 1650
-421, -1767, 1193
-461, -1816, 902
-444, -1853, 506
-274, -1830, 47
-142, -1871, -181
-64, -1755, -350
-93, -1583, -606
-266, -1393, -882
-439, -1201, -1223
-691, -838, -1112
-898, -344, -704
-980, 12, -546
-896, 192, -551
-769, 189, -800
-713, 331, -843
-715, 602, -623
-904, 1075, -207
-1029, 1606, 217
-1204, 1917, 814
-1244, 1996, 1365
-1076, 1899, 1638
-831, 1652, 1995
-418, 1132, 1998
-138, 402, 1998
-23, -135, 1998
-23, -135, 1998
58, -557, 1998
175, -926, 1998
257, -1186, 1998
231, -1144, 1979
147, -1085, 1973
147, -1209, 1891
193, -1212, 1565
199, -1139, 1341
205, -929, 1192
203, -793, 1035
172, -684, 982
112, -544, 923
46, -366, 889
-35, -221, 912
-73, -130, 922
-73, -130, 922
-62, -117, 906
-45, -136, 875
-,-,-
-6, 37, 1210
92, 83, 1272
115, 94, 1455
115, 94, 1455
64, -15, 1754
-12, -110, 1994
-4, -310, 1998
-201, -608, 1998
-478, -882, 1998
-602, -1097, 1998
-578, -1312, 1998
-591, -1544, 1998
-757, -1910, 1965
-813, -1998, 1427
-774, -1998, 503
-702, -1997, -256
-625, -1933, -781
-663, -1773, -1269
-810, -1433, -1470
-876, -950, -1660
-814, -634, -1676
-557, 85, -1276
-557, 85, -1276
-405, 59, -1223
-353, 109, -1057
-393, 263, -900
-691, 426, -448
-1000, 887, -13
-1081, 1240, 197
-1389, 1549, 974
-1470, 1624, 1512
-1342, 1484, 1778
-1190, 1415, 1998
-877, 1225, 1998
-536, 833, 1998
-441, 393, 1998
-479, 57, 1998
-232, -345, 1998
-31, -1195, 1998
48, -1800, 1998
174, -1679, 1975
357, -1617, 1625
513, -1781, 1272
470, -1730, 1161
310, -1463, 995
194, -1068, 778
85, -823, 692
19, -615, 721
19, -615, 721
-10, -453, 690
-10, -326, 657
7, -264, 627
11, -237, 740
-,-,-
-339, 847, 1471
-148, 724, 1751
-37, 217, 1934
83, -169, 1998
273, -389, 1998
394, -609, 1998
255, -609, 1998
255, -927, 1998
116, -1175, 1998
154, -1354, 1998
92, -1358, 1998
-157, -1156, 1998
-383, -1266, 1977
-429, -1818, 1648
-470, -1980, 1115
-446, -1998, 600
-397, -1951, 195
-321, -1698, -368
-383, -1193, -504
-447, -937, -650
-505, -717, -755
-573, -610, -779
-687, -313, -837
-792, 145, -692
-792, 145, -692
-779, 335, -687
-797, 376, -841
-912, 583, -749
-1124, 1054, -361
-1473, 1690, 227
-1515, 1996, 898
-1252, 1997, 1047
-985, 1997, 1563
-601, 1773, 1957
-210, 1124, 1998
-1, 341, 1998
265, -683, 1998
597, -1494, 1998
691, -1637, 1998
603, -1614, 1998
393, -1552, 1997
140, -1404, 1991
59, -1100, 1602
-36, -712, 1292
-90, -530, 1232
-58, -484, 1032
-26, -390, 947
-14, -304, 885
23, -213, 806
23, -213, 806
-,-,-
-36, 290, 1050
-31, 387, 1003
-71, 579, 1085
-115, 636, 1119
-246, 673, 1387
-290, 539, 1617
-271, 382, 1803
-166, 134, 1929
-73, -103, 1998
8, -335, 1998
8, -335, 1998
13, -575, 1998
-196, -780, 1998
-660, -892, 1998
-1003, -1088, 1998
-1143, -1399, 1998
-1187, -1751, 1870
-1163, -1757, 1153
-1029, -1593, 372
-499, -1528, -539
-304, -1357, -794
-203, -1199, -1093
-229, -988, -1292
-343, -661, -1361
-510, -376, -1048
-640, -264, -647
-753, -142, -498
-754, 6, -446
-706, 195, -555
-639, 431, -704
-592, 644, -702
-592, 644, -702
-759, 1004, -290
-898, 1554, 212
-866, 1955, 567
-809, 1997, 817
-739, 1997, 1183
-633, 1916, 1718
-561, 1560, 1994
-445, 862, 1998
-250, 51, 1998
-61, -576, 1998
186, -1155, 1998
417, -1581, 1958
366, -1509, 1826
122, -1167, 1840
31, -1012, 1850
55, -1055, 1606
97, -977, 1463
79, -841, 1291
-,-,-
-173, 940, 1363
-96, 719, 1687
-96, 719, 1687
2, 347, 1957
0, 81, 1998
-97, -412, 1998
-91, -967, 1998
-74, -1281, 1998
-139, -1316, 1998
-348, -1243, 1998
-556, -1180, 1978
-705, -1307, 1695
-650, -1635, 1235
-432, -1932, 720
-299, -1907, 403
-240, -1578, 33
-223, -1288, -316
-300, -1013, -502
-378, -750, -819
-436, -447, -1047
-467, -196, -1089
-485, -42, -945
-409, -70, -822
-377, -97, -828
-426, 137, -801
-514, 455, -869
-749, 835, -699
-1047, 1165, -70
-1308, 1522, 606
-1412, 1922, 1027
-1252, 1997, 1113
-824, 1881, 1105
-493, 1287, 1279
-383, 779, 1808
-230, 360, 1998
29, -287, 1998
29, -287, 1998
227, -812, 1998
260, -1053, 1998
255, -1133, 1998
261, -1120, 1998
216, -1097, 1998
218, -1143, 1829
204, -1235, 1604
160, -1064, 1430
148, -843, 1099
127, -679, 938
98, -541, 861
75, -449, 796
75, -449, 785
-,-,-
-399, 1220, 1503
-450, 1151, 1852
-458, 846, 1998
-361, 221, 1998
-32, -539, 1998
319, -1139, 1998
271, -1618, 1998
-50, -1854, 1998
-355, -1997, 1993
-461, -1998, 1495
-452, -1967, 779
-395, -1831, 423
-311, -1623, 132
-276, -1388, 53
-244, -1215, -58
-196, -1167, -233
-174, -1050, -468
-220, -834, -714
-357, -488, -653
-482, -224, -601
-529, -10, -719
-507, 75, -785
-494, 7, -655
-585, 155, -647
-822, 638, -792
-1089, 1327, -848
-1365, 1881, -467
-1528, 1997, 219
-1456, 1997, 408
-1336, 1808, 732
-1171, 1209, 1191
-1094, 628, 1864
-914, 264, 1998
-620, 30, 1998
-256, -532, 1998
-15, -1181, 1998
56, -1599, 1998
140, -1744, 1998
327, -1951, 1998
309, -1926, 1905
97, -1647, 1661
97, -1647, 1661
-71, -1450, 1306
-,-,-
-380, 920, 1381
-352, 726, 1693
-331, 520, 1977
-220, 132, 1998
-26, -534, 1998
77, -1093, 1998
-38, -1352, 1998
-242, -1727, 1998
-405, -1970, 1998
-537, -1998, 1998
-610, -1998, 1981
-699, -1998, 1423
-707, -1998, 785
-688, -1998, 393
-618, -1909, -35
-536, -1709, -303
-492, -1448, -538
-402, -1184, -784
-369, -873, -1051
-479, -429, -1116
-679, 64, -1054
-825, 171, -766
-908, 383, -744
-1047, 646, -694
-1167, 832, -471
-1226, 1199, -114
-1187, 1623, 139
-1077, 1787, 426
-937, 1783, 656
-781, 1749, 768
-610, 1649, 781
-460, 1306, 912
-237, 735, 990
-237, 735, 990
-201, 264, 1539
-420, -191, 1994
-557, -443, 1998
-267, -903, 1998
134, -1493, 1998
247, -1467, 1998
379, -1558, 1998
417, -1668, 1940
432, -1663, 1637
309, -1372, 1412
132, -1080, 1235
-,-,-
-3, 545, 524
-92, 726, 653
-155, 966, 907
-279, 1108, 1213
-452, 1053, 1697
-601, 857, 1998
-672, 578, 1998
-622, 100, 1998
-622, 100, 1998
-549, -416, 1998
-398, -991, 1998
-254, -1527, 1998
-242, -1860, 1998
-261, -1998, 1865
-312, -1998, 1556
-386, -1998, 1252
-469, -1998, 927
-517, -1995, 552
-550, -1847, 193
-607, -1481, -70
-628, -1150, -370
-690, -753, -668
-751, -288, -854
-786, 64, -861
-834, 273, -690
-834, 273, -690
-874, 429, -598
-827, 660, -546
-665, 801, -625
-610, 878, -627
-702, 1134, -365
-823, 1450, -1
-808, 1668, 283
-794, 1672, 623
-722, 1611, 907
-526, 1575, 1101
-349, 1371, 1579
-218, 1030, 1962
-166, 521, 1998
53, -339, 1998
314, -960, 1998
391, -1088, 1998
367, -1165, 1998
252, -1301, 1998
-,-,-
-315, 802, 1248
-381, 760, 1575
-345, 599, 1939
-396, 466, 1998
-340, 222, 1998
-227, 105, 1998
-206, -198, 1998
-173, -808, 1998
-149, -1327, 1998
-309, -1644, 1998
-503, -1910, 1998
-486, -1998, 1697
-419, -1998, 1018
-327, -1998, 515
-278, -1998, 167
-312, -1847, -3
-384, -1612, -39
-452, -1456, -24
-514, -1269, -117
-593, -958, -373
-723, -521, -443
-835, -155, -488
-880, 113, -420
-853, 380, -471
-860, 712, -531
-821, 1072, -546
-769, 1251, -481
-746, 1353, -458
-714, 1413, -130
-779, 1544, 501
-767, 1751, 939
-591, 1761, 1055
-425, 1492, 1434
-311, 1166, 1864
-140, 815, 1998
-140, 815, 1998
36, 373, 1998
85, -213, 1998
-,-,-
-306, 963, 1923
-343, 833, 1959
-348, 280, 1998
-329, -397, 1998
-256, -903, 1998
-121, -1395, 1998
-138, -1732, 1998
-210, -1888, 1930
-257, -1990, 1428
-311, -1998, 1002
-393, -1998, 851
-454, -1939, 769
-399, -1658, 524
-266, -1395, 225
-63, -1344, -147
11, -1382, -226
-3, -1262, -307
-108, -817, -557
-290, -403, -839
-606, -115, -766
-909, 130, -539
-1021, 337, -388
-913, 513, -693
-706, 630, -933
-575, 534, -993
-610, 660, -820
-815, 1169, -276
-933, 1766, 118
-974, 1996, 279
-968, 1997, 688
-968, 1997, 688
-967, 1997, 1551
-773, 1683, 1993
-446, 862, 1998
-99, -86, 1998
198, -947, 1998
392, -1499, 1998
475, -1800, 1998
429, -1801, 1998
362, -1819, 1969
220, -1698, 1816
55, -1404, 1433
-102, -1051, 1201
-133, -824, 960
-91, -782, 895
-3, -699, 819
107, -535, 679
162, -355, 570
134, -198, 639
134, -198, 639
-,-,-
-63, 1018, 1658
8, 1136, 1888
-92, 769, 1998
-192, 50, 1998
-150, -578, 1998
-151, -1082, 1998
-286, -1597, 1998
-390, -1883, 1878
-355, -1996, 1140
-342, -1973, 614
-270, -1917, 242
-259, -1796, 250
-191, -1793, 231
-122, -1750, 74
-60, -1565, -199
-46, -1422, -406
-134, -1299, -586
-360, -1080, -562
-607, -759, -412
-769, -518, -378
-800, -287, -388
-805, -24, -335
-816, 210, -315
-798, 578, -468
-686, 966, -465
-773, 1345, 26
-842, 1793, 399
-842, 1793, 399
-722, 1997, 525
-562, 1997, 680
-422, 1997, 932
-324, 1997, 1318
-287, 1939, 1685
-339, 1463, 1966
-325, 691, 1998
-248, -134, 1998
-98, -815, 1998
-5, -1241, 1998
-10, -1425, 1998
-68, -1433, 1998
-80, -1384, 1979
10, -1371, 1638
23, -1245, 1383
0, -1086, 1222
-,-,-
-225, 457, 935
-317, 870, 1180
-349, 1289, 1470
-331, 1471, 1866
-246, 1246, 1998
-45, 729, 1998
173, 179, 1998
95, -463, 1998
-106, -1061, 1998
-273, -1474, 1998
-528, -1644, 1960
-734, -1716, 1630
-851, -1700, 1287
-903, -1728, 1103
-876, -1688, 1000
-723, -1709, 813
-528, -1647, 488
-379, -1397, 122
-253, -1203, -133
-221, -992, -235
-290, -702, -376
-411, -409, -455
-479, -217, -446
-411, -132, -401
-357, -109, -308
-379, 77, -363
-436, 491, -493
-514, 1044, -541
-594, 1644, -449
-654, 1984, -218
-656, 1997, -12
-610, 1997, 67
-607, 1997, 270
-649, 1997, 790
-649, 1997, 790
-775, 1884, 1531
-735, 1570, 1815
-604, 769, 1830
-601, -231, 1994
-631, -800, 1998
-446, -1351, 1998
-168, -1799, 1998
2, -1970, 1998
-6, -1592, 1944
-21, -1194, 1402
-36, -1012, 1196
2, -855, 1034
14, -590, 987
-25, -330, 812
-52, -218, 769
-85, -99, 847
-85, -99, 847
-100, -15, 903
-93, 17, 863
-79, 1, 864
-67, 7, 892
-67, 7, 892
-63, -15, 901
-55, -49, 916
-,-,-
-209, 713, 1773
-139, 608, 1998
-139, 608, 1998
-39, 0, 1998
-98, -995, 1998
-124, -1774, 1998
-81, -1896, 1998
-265, -1597, 1998
-620, -1242, 1890
-827, -983, 1528
-866, -907, 1319
-745, -1034, 960
-499, -1254, 563
-227, -1532, 241
0, -1681, -116
88, -1595, -366
-2, -1395, -606
-196, -1106, -619
-297, -823, -695
-293, -697, -752
-338, -423, -749
-418, -192, -675
-542, -17, -644
-613, 162, -801
-637, 356, -882
-737, 510, -791
-1005, 833, -419
-1263, 1353, 140
-1343, 1636, 514
-1448, 1781, 1098
-1446, 1952, 1763
-1324, 1997, 1998
-1079, 1790, 1998
-882, 1220, 1998
-831, 530, 1998
-712, -58, 1998
-296, -1090, 1998
56, -1851, 1998
172, -1892, 1998
245, -1788, 1718
262, -1844, 1298
271, -1784, 869
211, -1512, 686
140, -1031, 651
65, -632, 594
65, -632, 594
2, -420, 592
-25, -272, 669
-68, -176, 824
-68, -95, 908
-58, -12, 955
-58, -12, 955
-30, 0, 967
-2, -12, 978
4, -7, 1027
4, -7, 1027
-5, -19, 1080
-10, -25, 1086
20, -52, 1049
32, -72, 1008
-,-,-
-252, 1047, 1394
-252, 1047, 1394
-340, 1283, 1862
-391, 1276, 1998
-465, 909, 1998
-409, 192, 1998
-241, -553, 1998
-90, -1091, 1998
-53, -1406, 1998
-86, -1571, 1926
-107, -1670, 1596
-153, -1726, 1321
-223, -1675, 1048
-248, -1566, 816
-251, -1473, 624
-300, -1388, 435
-404, -1272, 330
-332, -1116, 71
-262, -1000, -88
-208, -894, -296
-183, -738, -436
-258, -467, -412
-332, -268, -447
-363, -121, -527
-399, 5, -607
-424, 129, -768
-521, 368, -853
-612, 659, -776
-732, 966, -510
-842, 1411, -124
-925, 1760, 186
-943, 1974, 436
-961, 1997, 866
-1004, 1994, 1489
-983, 1879, 1954
-926, 1470, 1998
-803, 733, 1998
-637, -13, 1998
-495, -610, 1998
-238, -1221, 1998
-11, -1626, 1992
44, -1676, 1881
194, -1972, 1678
309, -1973, 1296
295, -1631, 932
164, -998, 738
164, -998, 738
15, -545, 650
-116, -290, 765
-188, -168, 808
-208, -70, 832
-,-,-
-512, 1247, 1540
-492, 983, 1896
-367, 552, 1998
-121, 201, 1998
-121, 201, 1998
-15, -76, 1998
-53, -290, 1998
-17, -431, 1998
-71, -522, 1998
-403, -661, 1998
-657, -862, 1991
-675, -1161, 1574
-603, -1435, 991
-468, -1667, 667
-333, -1713, 510
-233, -1722, 439
-197, -1611, 314
-184, -1507, 162
-214, -1294, 62
-266, -965, 0
-256, -665, -113
-221, -572, -562
-283, -545, -1093
-402, -513, -1306
-652, -346, -1057
-898, 11, -732
-1066, 403, -355
-1070, 794, -183
-956, 1254, -129
-878, 1826, 131
-877, 1997, 480
-861, 1997, 898
-791, 1997, 1591
-646, 1997, 1988
-508, 1598, 1998
-262, 721, 1998
21, -101, 1998
21, -101, 1998
187, -707, 1998
87, -849, 1998
9, -1019, 1998
52, -1305, 1998
146, -1541, 1899
191, -1522, 1652
260, -1347, 1184
284, -1066, 981
221, -785, 865
133, -523, 800
55, -348, 754
-5, -195, 696
-5, -195, 696
-41, -118, 721
-48, -54, 766
-10, -3, 773
26, 0, 808
26, 0, 808
49, -55, 863
60, -85, 962
57, -116, 1032
57, -116, 1032
65, -94, 1027
-,-,-
-44, 728, 1054
-44, 728, 1054
-12, 847, 1330
-118, 1068, 1881
-283, 1205, 1998
-405, 832, 1998
-369, 56, 1998
-269, -610, 1998
-268, -1016, 1998
-353, -1371, 1998
-438, -1840, 1998
-512, -1998, 1692
-471, -1990, 946
-354, -1998, 351
-193, -1867, 43
-138, -1727, -130
-199, -1519, -72
-279, -1344, -331
-321, -1162, -687
-459, -894, -887
-680, -564, -718
-852, -275, -423
-880, -56, -423
-797, 124, -611
-793, 366, -807
-950, 759, -518
-1144, 1255, 67
-1181, 1912, 249
-1107, 1997, 369
-980, 1997, 711
-763, 1997, 1148
-531, 1997, 1597
-507, 1805, 1967
-412, 1189, 1998
-113, 380, 1998
102, -264, 1998
99, -813, 1998
-116, -1148, 1998
-230, -1322, 1998
-184, -1365, 1998
-88, -1424, 1743
18, -1500, 1343
218, -1497, 1008
305, -1289, 807
246, -1011, 701
246, -1011, 665
-,-,-
10, 455, 640
23, 770, 732
23, 770, 732
0, 1114, 962
-68, 1402, 1325
-223, 1446, 1852
-332, 1232, 1998
-455, 791, 1998
-581, 12, 1998
-543, -787, 1998
-417, -1464, 1998
-345, -1869, 1994
-324, -1992, 1632
-320, -1998, 949
-313, -1998, 598
-286, -1998, 349
-194, -1998, 137
-196, -1998, 74
-257, -1996, 154
-378, -1911, 238
-561, -1618, 228
-735, -1182, 168
-849, -693, -27
-944, -121, -273
-1062, 536, -385
-1150, 922, -437
-1141, 1455, -487
-1125, 1932, -430
-1167, 1997, -321
-1050, 1997, -137
-883, 1997, 152
-661, 1997, 505
-529, 1913, 765
-525, 1489, 1270
-529, 1055, 1635
-568, 487, 1985
-667, -77, 1998
-690, -77, 1998
-690, -629, 1998
-554, -1143, 1998
-322, -1452, 1998
-102, -1328, 1905
-44, -1342, 1677
44, -1365, 1339
73, -1116, 1121
73, -1116, 1121
52, -766, 918
16, -455, 720
-60, -210, 687
-107, -90, 766
-109, -149, 791
-72, -187, 739
-48, -182, 747
-42, -141, 790
-42, -141, 790
-42, -121, 866
-,-,-
-53, 891, 1402
-53, 891, 1402
-56, 1042, 1867
-239, 1233, 1998
-384, 1075, 1998
-425, 447, 1998
-354, -272, 1998
-250, -833, 1998
-195, -1169, 1998
-266, -1355, 1905
-370, -1467, 1668
-414, -1589, 1334
-366, -1624, 1088
-252, -1624, 710
-187, -1556, 539
-171, -1349, 457
-191, -1224, 300
-199, -1072, 73
-232, -825, -317
-361, -542, -589
-541, -268, -722
-566, -269, -795
-559, -272, -873
-582, 30, -897
-581, 272, -991
-607, 475, -938
-695, 787, -690
-853, 1263, -313
-1043, 1823, 83
-1047, 1982, 404
-914, 1994, 885
-797, 1985, 1465
-680, 1819, 1967
-469, 1246, 1998
-434, 603, 1998
-410, 76, 1998
-186, -606, 1998
70, -1146, 1998
70, -1146, 1998
162, -1230, 1998
40, -947, 1768
-69, -828, 1519
-19, -1024, 1317
82, -1135, 1166
119, -942, 950
95, -623, 748
36, -366, 711
-30, -261, 779
-62, -168, 842
-62, -168, 842
-70, -90, 823
-51, -34, 832
-31, -73, 889
-13, -102, 959
-28, -75, 1008
-39, -16, 1074
-39, -16, 1074
-45, 26, 1071
-16, 32, 1024
20, -11, 1007
48, -65, 998
69, -94, 1007
69, -94, 1007
62, -99, 1048
-,-,-
-298, 964, 1475
-191, 858, 1758
0, 446, 1998
82, 99, 1998
65, -29, 1998
-81, -178, 1998
-81, -178, 1998
-326, -521, 1998
-495, -806, 1998
-649, -1023, 1998
-701, -1292, 1894
-574, -1617, 1217
-217, -1765, 224
-99, -1697, -82
-99, -1697, -82
-152, -1592, -245
-207, -1409, -474
-435, -1054, -742
-517, -783, -820
-509, -574, -907
-452, -457, -931
-417, -427, -817
-429, -339, -737
-506, -152, -839
-749, 250, -858
-749, 250, -858
-1076, 780, -622
-1376, 1388, -68
-1554, 1845, 470
-1551, 1996, 1226
-1257, 1997, 1711
-859, 1985, 1941
-602, 1583, 1998
-341, 986, 1998
-62, 222, 1998
190, -647, 1998
238, -1146, 1998
190, -1285, 1998
216, -1415, 1996
232, -1375, 1848
225, -1202, 1393
209, -975, 1080
243, -801, 875
238, -687, 868
172, -485, 868
67, -248, 843
13, -104, 800
13, -104, 800
-15, -58, 826
-33, -82, 930
-21, -94, 959
-4, -85, 954
-4, -85, 954
8, -63, 966
26, -75, 942
50, -88, 953
68, -83, 962
68, -83, 962
57, -103, 995
-,-,-
-350, 1084, 1417
-587, 1159, 1970
-652, 938, 1998
-589, 412, 1998
-338, -285, 1998
-82, -975, 1998
58, -1527, 1998
86, -1772, 1998
-106, -1709, 1998
-427, -1588, 1952
-594, -1525, 1655
-584, -1608, 1260
-506, -1657, 870
-420, -1530, 456
-359, -1274, 95
-321, -1011, -292
-272, -754, -631
-212, -670, -905
-237, -562, -989
-328, -411, -874
-402, -288, -841
-388, -243, -858
-356, -339, -860
-382, -332, -739
-518, -108, -649
-766, 311, -559
-968, 820, -414
-1203, 1426, -86
-1531, 1936, 592
-1745, 1997, 1406
-1594, 1997, 1950
-1340, 1997, 1998
-1146, 1704, 1998
-844, 771, 1998
-413, -269, 1998
-23, -1112, 1998
375, -1577, 1998
590, -1847, 1866
521, -1798, 1674
319, -1486, 1356
193, -1258, 1106
266, -1206, 803
273, -1021, 803
148, -567, 811
148, -567, 811
24, -221, 786
-25, -56, 777
-15, -50, 838
20, -85, 870
20, -76, 919
20, -76, 919
13, -30, 972
18, 1, 960
44, -4, 944
44, -4, 944
54, -39, 965
67, -105, 994
75, -119, 1005
74, -131, 1005
74, -131, 1005
89, -104, 979
92, -87, 957
92, -109, 931
-,-,-
-202, 857, 1247
-276, 975, 1679
-383, 926, 1998
-495, 784, 1998
-516, 442, 1998
-354, -338, 1998
-212, -1192, 1998
-231, -1691, 1998
-335, -1845, 1991
-472, -1930, 1710
-570, -1913, 1085
-558, -1844, 574
-448, -1722, 260
-366, -1560, -89
-289, -1412, -303
-196, -1332, -709
-188, -1182, -958
-261, -1040, -957
-406, -848, -841
-503, -651, -775
-524, -573, -848
-556, -589, -982
-692, -489, -1125
-874, -146, -1069
-1026, 228, -700
-1271, 828, -96
-1378, 1523, 354
-1333, 1943, 767
-1208, 1997, 1160
-1220, 1997, 1754
-1174, 1996, 1998
-879, 1672, 1998
-476, 1027, 1998
-195, 435, 1998
-106, 134, 1998
-34, -283, 1998
5, -722, 1998
50, -955, 1992
233, -1062, 1724
479, -1385, 1567
589, -1517, 1445
498, -1303, 1135
312, -920, 943
105, -516, 895
-40, -276, 942
-159, -109, 996
-159, -109, 996
-191, 14, 931
-129, 41, 817
-69, 20, 790
-60, 7, 900
-31, -63, 933
-31, -63, 933
-25, -80, 989
-,-,-
-543, 1058, 1915
-504, 678, 1998
-392, 301, 1998
-392, 301, 1998
-400, -177, 1998
-451, -916, 1998
-385, -1585, 1998
-358, -1862, 1998
-421, -1877, 1712
-385, -1925, 1210
-272, -1887, 872
-242, -1753, 590
-347, -1530, 253
-544, -1214, -31
-796, -986, -449
-978, -795, -880
-1062, -604, -1363
-1029, -286, -1621
-958, 163, -1487
-883, 196, -1144
-878, 330, -885
-867, 579, -703
-892, 848, -390
-961, 1261, 96
-961, 1261, 96
-970, 1584, 366
-926, 1770, 701
-907, 1776, 1273
-848, 1714, 1891
-696, 1522, 1998
-457, 1200, 1998
-296, 954, 1998
-155, 731, 1998
-56, 326, 1998
-24, -82, 1998
59, -472, 1998
206, -808, 1922
305, -1063, 1645
245, -1046, 1411
93, -897, 1279
93, -897, 1279
70, -794, 1151
128, -826, 1081
148, -754, 986
110, -488, 863
21, -230, 774
-22, -114, 748
-33, -92, 807
-33, -92, 807
-14, -129, 819
-7, -128, 856
-23, -137, 926
-1, -135, 944
45, -95, 921
63, -123, 922
-,-,-
-305, 989, 881
-203, 745, 1648
-78, 477, 1998
91, 198, 1998
91, 198, 1998
221, -214, 1998
145, -580, 1998
6, -800, 1998
-305, -722, 1998
-584, -776, 1998
-650, -933, 1978
-694, -1183, 1662
-624, -1424, 1109
-505, -1555, 659
-388, -1538, 283
-291, -1556, -8
-160, -1519, -327
-85, -1258, -652
-96, -968, -830
-130, -862, -827
-223, -759, -838
-310, -566, -761
-327, -400, -787
-314, -395, -824
-286, -368, -791
-372, -308, -583
-554, -23, -319
-710, 302, -139
-789, 721, -19
-911, 1238, 86
-911, 1238, 86
-1110, 1776, 306
-1367, 1997, 810
-1601, 1997, 1579
-1570, 1997, 1998
-1128, 1767, 1998
-541, 968, 1998
-43, 143, 1998
264, -618, 1998
477, -1326, 1998
585, -1724, 1998
503, -1746, 1998
255, -1510, 1951
-16, -1114, 1738
0, -967, 1285
177, -986, 991
187, -895, 998
130, -558, 914
35, -303, 915
35, -303, 915
17, -195, 887
12, -107, 903
16, -57, 893
8, 17, 848
8, 17, 848
-1, 64, 821
6, 46, 858
6, 46, 858
-11, -46, 938
-38, -77, 1060
-19, -110, 1002
-,-,-
-557, 1027, 1784
-670, 1042, 1962
-598, 903, 1998
-497, 394, 1998
-316, -161, 1998
-226, -590, 1998
-225, -745, 1998
-243, -903, 1994
-305, -1293, 1735
-312, -1619, 1301
-246, -1768, 772
-99, -1819, 275
-19, -1713, 127
104, -1778, -59
-7, -1820, 121
-279, -1521, 303
-499, -1153, 250
-628, -802, -104
-687, -410, -415
-646, -94, -734
-564, 110, -866
-483, 107, -846
-448, 178, -957
-529, 498, -916
-704, 970, -714
-812, 1413, -333
-806, 1694, 156
-806, 1694, 156
-724, 1818, 583
-576, 1812, 764
-553, 1846, 1052
-383, 1745, 1222
-218, 1323, 1431
-247, 1030, 1924
-373, 1059, 1998
-389, 730, 1998
-235, 3, 1998
83, -823, 1998
391, -1212, 1998
615, -1383, 1997
650, -1314, 1684
590, -1202, 1264
562, -1154, 805
445, -990, 704
249, -741, 792
78, -449, 806
78, -449, 806
-10, -262, 847
-35, -142, 906
-33, -48, 906
26, 4, 834
26, 4, 834
83, 38, 804
114, 64, 857
122, 50, 909
122, 50, 909
96, 52, 970
76, 96, 1012
-,-,-
-223, 1060, 1185
-322, 1262, 1883
-284, 1299, 1998
-201, 1090, 1998
-116, 358, 1998
-110, -553, 1998
-156, -1159, 1998
-353, -1561, 1998
-565, -1828, 1996
-644, -1978, 1549
-617, -1914, 791
-474, -1841, 229
-315, -1591, -183
-214, -1460, -320
-140, -1398, -488
-81, -1319, -629
-20, -1320, -686
-19, -1328, -735
-98, -1302, -802
-324, -1071, -879
-571, -687, -815
-764, -248, -691
-870, 165, -501
-877, 503, -493
-1005, 824, -458
-1157, 1250, -41
-1242, 1612, 644
-1097, 1841, 962
-841, 1866, 961
-663, 1751, 976
-574, 1555, 1351
-525, 1221, 1856
-365, 915, 1998
-259, 685, 1998
-44, 387, 1998
176, -118, 1998
230, -586, 1998
164, -810, 1998
189, -929, 1998
216, -1026, 1899
216, -1026, 1899
260, -1200, 1690
289, -1379, 1408
355, -1200, 1097
-,-,-
-221, 1281, 1544
-205, 1396, 1797
-335, 1492, 1998
-574, 1448, 1998
-800, 919, 1998
-931, 88, 1998
-706, -742, 1998
-427, -1550, 1998
-304, -1981, 1929
-265, -1998, 1356
-331, -1998, 912
-377, -1925, 372
-375, -1756, -64
-333, -1523, -334
-359, -1345, -494
-370, -1192, -545
-383, -965, -644
-414, -785, -778
-488, -588, -765
-534, -487, -613
-442, -481, -647
-364, -406, -718
-479, -225, -754
-786, 206, -598
-980, 800, -361
-1047, 1264, -248
-1252, 1655, 57
-1407, 1968, 557
-1490, 1997, 997
-1460, 1997, 1371
-1252, 1927, 1808
-972, 1424, 1998
-805, 968, 1998
-523, 301, 1998
-261, -420, 1998
-168, -853, 1998
-80, -983, 1998
204, -1275, 1969
565, -1794, 1694
682, -1938, 1602
501, -1634, 1612
355, -1142, 1157
182, -691, 877
-2, -338, 933
-156, -10, 973
-214, 85, 919
-214, 85, 919
-156, 36, 882
-101, -13, 839
-59, 75, 853
-43, 98, 874
-43, 98, 874
-,-,-
-286, 1211, 1910
-354, 1260, 1998
-324, 925, 1998
-317, 290, 1998
-504, -386, 1998
-566, -1087, 1998
-457, -1842, 1998
-276, -1998, 1755
-177, -1998, 1050
-204, -1998, 667
-299, -1954, 383
-377, -1717, 142
-374, -1682, -124
-386, -1585, -275
-446, -1323, -401
-542, -992, -668
-622, -643, -862
-655, -407, -866
-672, -298, -765
-626, -124, -611
-595, 24, -727
-682, 304, -916
-851, 750, -911
-1137, 1303, -657
-1479, 1955, -68
-1659, 1997, 497
-1595, 1997, 996
-1312, 1980, 1285
-1043, 1481, 1511
-811, 850, 1949
-483, 122, 1998
-226, -328, 1998
-153, -550, 1998
-134, -834, 1998
-54, -950, 1998
74, -1017, 1998
155, -973, 1998
155, -973, 1998
237, -954, 1825
391, -1032, 1395
433, -885, 954
466, -658, 568
343, -487, 614
222, -280, 684
135, -228, 686
71, -141, 723
11, -78, 796
11, -78, 796
2, -36, 833
21, -21, 859
48, -3, 853
48, -3, 853
63, 24, 917
59, 62, 1011
89, 67, 1052
89, 67, 1052
-,-,-
49, -77, 1120
130, 100, 1234
149, 172, 1482
149, 172, 1482
166, 329, 1949
107, 440, 1998
-55, 381, 1998
-195, 72, 1998
-246, -296, 1998
-311, -723, 1998
-328, -1204, 1998
-328, -1697, 1573
-282, -1921, 917
-232, -1937, 314
-203, -1803, -112
-239, -1601, -429
-388, -1475, -307
-414, -1603, -278
-405, -1811, -568
-433, -1624, -996
-478, -1188, -1205
-607, -840, -1225
-817, -475, -1001
-960, -162, -625
-1070, 56, -299
-1186, 507, -111
-1203, 1036, -186
-1464, 1648, 177
-1651, 1997, 893
-1497, 1997, 1315
-1249, 1997, 1587
-942, 1989, 1777
-625, 1676, 1898
-378, 1157, 1987
-107, 472, 1998
85, -220, 1998
143, -448, 1998
158, -485, 1998
263, -803, 1998
260, -1183, 1998
97, -1166, 1998
40, -989, 1788
85, -777, 1329
210, -781, 937
227, -828, 951
227, -828, 951
170, -664, 1010
82, -432, 986
44, -318, 916
45, -239, 906
27, -177, 931
-7, -97, 948
-7, -97, 948
-38, -31, 995
-33, 16, 985
-40, -30, 994
-6, -62, 971
-,-,-
-216, 519, 1954
-287, 332, 1998
-382, -30, 1998
-318, -380, 1998
-270, -743, 1998
-339, -1187, 1998
-299, -1779, 1998
-319, -1998, 1951
-388, -1998, 1558
-443, -1998, 1131
-443, -1987, 748
-424, -1788, 153
-489, -1391, -374
-532, -969, -915
-576, -635, -1153
-567, -628, -1210
-595, -585, -1125
-708, -398, -1068
-822, -32, -1010
-897, 221, -1023
-1048, 578, -848
-1244, 1051, -565
-1362, 1606, -222
-1365, 1925, 111
-1303, 1994, 420
-1190, 1977, 800
-1091, 1800, 1370
-969, 1481, 1822
-753, 1129, 1998
-452, 734, 1998
-51, 236, 1998
222, -181, 1998
271, -495, 1998
166, -669, 1998
96, -693, 1998
133, -811, 1818
106, -806, 1619
41, -726, 1465
11, -603, 1280
11, -603, 1280
34, -500, 1122
101, -533, 1001
114, -541, 951
84, -444, 918
12, -285, 941
-39, -182, 920
-51, -101, 918
-51, -101, 918
-47, -76, 914
-36, -44, 921
-38, 0, 950
-37, 4, 986
-37, 4, 986
-,-,-
-438, 995, 1944
-458, 737, 1998
-308, 310, 1998
-200, -297, 1998
-120, -884, 1998
-120, -884, 1998
-153, -1375, 1998
-226, -1997, 1609
-246, -1998, 1254
-268, -1998, 969
-268, -1998, 616
-296, -1998, 228
-377, -1998, 0
-377, -1998, 0
-459, -1987, -300
-547, -1740, -753
-684, -1231, -1149
-1157, -59, -751
-1337, 402, -432
-1192, 528, -550
-1042, 747, -377
-1034, 1054, -65
-1089, 1557, 175
-984, 1954, 331
-984, 1954, 331
-870, 1997, 639
-835, 1997, 1221
-748, 1997, 1681
-537, 1842, 1799
-309, 1378, 1986
-148, 909, 1998
-11, 469, 1998
110, -52, 1998
229, -573, 1998
348, -943, 1998
413, -1086, 1998
386, -1083, 1860
273, -945, 1574
123, -836, 1372
-10, -717, 1397
-39, -633, 1336
-11, -491, 1221
1, -328, 1029
1, -328, 1029
10, -284, 891
11, -201, 884
17, -220, 876
2, -182, 741
-,-,-
-451, 1188, 1998
-375, 904, 1961
-274, 432, 1998
-121, -21, 1998
-99, -427, 1998
-177, -871, 1998
-196, -1295, 1989
-175, -1576, 1663
-189, -1788, 1248
-203, -1907, 943
-231, -1882, 773
-236, -1727, 567
-203, -1671, 343
-105, -1684, 96
-105, -1626, -85
-238, -1358, -224
-404, -902, -414
-548, -573, -701
-650, -296, -993
-687, -96, -1135
-735, 29, -933
-714, 145, -757
-730, 227, -661
-801, 343, -562
-948, 683, -138
-1126, 1153, 266
-1348, 1730, 627
-1397, 1988, 817
-1338, 1873, 1042
-1361, 1750, 1818
-1220, 1651, 1998
-822, 1219, 1998
-479, 541, 1998
-353, -37, 1998
-192, -304, 1998
-44, -678, 1998
84, -968, 1973
230, -1596, 1906
325, -1763, 1730
270, -1526, 1263
286, -1152, 931
237, -846, 804
237, -846, 804
162, -574, 716
44, -314, 717
-50, -131, 786
-99, -64, 809
-91, -68, 792
-61, -89, 848
-61, -89, 848
-34, -27, 904
0, -29, 875
18, -43, 904
-4, -25, 999
-4, -25, 999
-,-,-
-426, 584, 1966
-426, 584, 1966
-121, 395, 1998
101, 134, 1998
147, -276, 1998
123, -589, 1998
131, -790, 1998
-40, -894, 1998
-244, -1006, 1965
-284, -1265, 1577
-198, -1605, 1157
-82, -1766, 892
-3, -1826, 608
207, -1902, 149
353, -1955, -156
290, -1889, -306
-45, -1509, -238
-341, -1106, -61
-559, -906, -126
-672, -753, -452
-691, -447, -789
-661, -326, -860
-593, -417, -691
-552, -405, -561
-591, -214, -485
-681, 36, -381
-843, 318, -172
-1028, 655, 45
-1028, 655, 45
-1278, 1101, 405
-1663, 1495, 998
-1919, 1936, 1801
-1766, 1997, 1997
-1386, 1997, 1996
-1008, 1919, 1998
-24, 1841, 1998
-24, 1841, 1998
-538, 782, 1998
-516, -955, 1998
-6, -1719, 1998
195, -1638, 1998
198, -1338, 1690
265, -1422, 1336
318, -1553, 1129
171, -1225, 1115
14, -819, 1002
24, -568, 702
148, -514, 508
188, -510, 614
116, -384, 817
16, -207, 880
16, -207, 880
-31, -74, 819
-44, 22, 904
-45, 16, 1025
-29, 11, 1070
-29, 11, 1070
-,-,-
-465, 1266, 1926
-429, 846, 1998
-292, 426, 1998
-57, 30, 1998
-57, 30, 1998
60, -400, 1998
-53, -605, 1998
-272, -929, 1998
-369, -1394, 1998
-258, -1792, 1817
-110, -1880, 1076
-81, -1808, 793
-62, -1752, 634
-35, -1718, 358
-11, -1740, 88
2, -1712, -12
-112, -1588, -67
-327, -1355, -379
-473, -964, -760
-494, -796, -969
-496, -653, -866
-498, -551, -607
-493, -480, -420
-505, -363, -266
-554, -166, -268
-675, 163, -194
-798, 429, -34
-798, 429, -34
-1008, 711, 175
-1177, 1188, 285
-1408, 1790, 582
-1645, 1997, 1036
-1636, 1997, 1374
-1446, 1997, 1715
-1261, 1933, 1984
-873, 1135, 1998
-495, 212, 1998
-225, -475, 1998
60, -949, 1998
403, -1270, 1998
432, -1365, 1943
352, -1325, 1768
383, -1385, 1531
454, -1591, 1343
477, -1421, 1125
361, -1033, 894
212, -494, 643
114, -187, 555
18, -118, 752
-12, -166, 907
-20, -126, 901
-20, -126, 901
-35, -5, 895
-44, 79, 948
2, 65, 991
40, -55, 1018
40, -55, 1018
74, -111, 1035
63, -147, 1061
-,-,-
-410, 1157, 1604
-349, 1064, 1968
-176, 734, 1998
-12, 416, 1998
-92, 148, 1998
-92, 148, 1998
-85, -591, 1998
47, -1360, 1998
110, -1771, 1993
-77, -1869, 1757
-283, -1990, 1259
-395, -1998, 839
-358, -1998, 456
-285, -1996, 178
-290, -1905, 43
-342, -1605, -39
-406, -1295, -183
-509, -1027, -404
-534, -758, -620
-600, -466, -780
-721, -153, -915
-756, 112, -974
-802, 143, -665
-817, 291, -413
-889, 612, -409
-858, 803, -638
-832, 1085, -758
-901, 1252, -385
-1135, 1451, 563
-1250, 1505, 1093
-1108, 1388, 1380
-966, 1132, 1869
-906, 893, 1998
-701, 588, 1998
-378, 101, 1998
-113, -514, 1998
177, -992, 1998
447, -1189, 1998
545, -1210, 1996
568, -1203, 1620
462, -1221, 1497
372, -1240, 1423
265, -1052, 1032
183, -717, 792
134, -447, 645
134, -447, 645
96, -293, 629
44, -217, 725
16, -171, 742
8, -124, 721
1, -85, 763
1, -85, 763
-4, -48, 841
9, -65, 908
9, -65, 908
29, -46, 956
-,-,-
-363, 574, 1938
-276, 614, 1998
-143, 515, 1998
-52, 111, 1998
-29, -258, 1998
-51, -561, 1998
-51, -561, 1998
-102, -820, 1998
-75, -1194, 1869
7, -1685, 1570
72, -1996, 1271
78, -1998, 1095
-32, -1998, 872
-166, -1998, 666
-251, -1998, 364
-265, -1892, -20
-303, -1583, -331
-428, -1186, -536
-602, -766, -798
-767, -296, -963
-814, -189, -963
-799, -290, -916
-774, -159, -699
-699, -10, -669
-622, 158, -677
-740, 409, -338
-1096, 925, 212
-1451, 1700, 648
-1605, 1997, 854
-1581, 1997, 1064
-1381, 1997, 1291
-1215, 1847, 1667
-959, 1275, 1998
-549, 497, 1998
-122, -246, 1998
179, -898, 1998
410, -1288, 1998
589, -1347, 1998
550, -1251, 1998
348, -1149, 1987
143, -1127, 1837
85, -1177, 1674
117, -1051, 1308
207, -732, 904
212, -469, 685
188, -242, 578
188, -242, 578
109, -88, 653
32, -37, 770
-,-,-
-503, 893, 1998
-817, 559, 1961
-1166, 175, 1998
-1330, -231, 1998
-1170, -945, 1998
-670, -1871, 1998
-337, -1998, 1991
-395, -1998, 1719
-427, -1998, 1093
-388, -1998, 208
-365, -1926, -344
-342, -1657, -477
-370, -1524, -564
-572, -1226, -480
-714, -793, -719
-822, -395, -924
-910, -48, -1006
-1033, 287, -833
-1039, 562, -879
-980, 730, -1002
-1100, 978, -716
-1268, 1582, -299
-1283, 1987, -101
-1154, 1919, 705
-819, 1518, 1102
-488, 1004, 1563
-181, 449, 1946
-181, 449, 1946
157, -84, 1998
416, -494, 1998
529, -845, 1998
453, -1144, 1998
245, -1069, 1998
136, -915, 1998
103, -750, 1890
63, -600, 1644
60, -601, 1452
71, -606, 1283
120, -518, 1233
190, -448, 1080
206, -391, 961
206, -391, 961
178, -295, 905
124, -190, 889
-,-,-
-540, 461, 1998
-399, 35, 1998
-353, -299, 1998
-481, -797, 1998
-613, -1477, 1998
-503, -1950, 1992
-351, -1998, 1551
-231, -1998, 994
-252, -1998, 574
-438, -1998, 270
-650, -1998, 15
-719, -1945, -404
-675, -1821, -642
-607, -1635, -869
-692, -1365, -713
-841, -1011, -491
-925, -575, -521
-861, -134, -634
-885, 201, -604
-1044, 603, -579
-1288, 1171, -444
-1418, 1839, -209
-1471, 1997, -45
-1582, 1997, 227
-1650, 1997, 541
-1494, 1996, 790
-1308, 1614, 1313
-1153, 971, 1964
-747, 416, 1998
-262, -455, 1998
154, -1527, 1998
307, -1995, 1998
255, -1961, 1998
337, -1764, 1998
435, -1678, 1758
379, -1344, 1428
231, -1046, 1162
125, -777, 1028
115, -593, 810
144, -479, 685
144, -367, 665
99, -240, 693
42, -145, 751
3, -142, 794
3, -142, 794
-14, -173, 875
-,-,-
-578, 1232, 1964
-443, 924, 1998
-418, 576, 1998
-547, 235, 1998
-671, -422, 1998
-547, -1278, 1998
-373, -1969, 1998
-352, -1998, 1825
-461, -1998, 1222
-479, -1998, 578
-491, -1998, 93
-508, -1995, -72
-479, -1823, -251
-428, -1707, -538
-414, -1529, -796
-416, -1265, -1086
-479, -1023, -1041
-642, -835, -582
-740, -589, 21
-668, -379, 185
-567, -59, -103
-584, 399, -655
-693, 954, -907
-1017, 1525, -542
-1485, 1941, 236
-1633, 1997, 1093
-1425, 1997, 1227
-1205, 1997, 1154
-980, 1873, 1486
-781, 1523, 1758
-720, 1085, 1966
-774, 273, 1998
-714, -763, 1998
-414, -1244, 1998
-33, -1398, 1998
324, -1580, 1998
453, -1871, 1998
347, -1702, 1994
229, -1420, 1622
143, -1020, 1272
96, -823, 964
47, -728, 922
24, -616, 861
24, -616, 861
30, -500, 790
21, -320, 764
-,-,-
-777, 1179, 1976
-633, 411, 1998
-512, -444, 1998
-460, -965, 1998
-467, -1186, 1998
-518, -1453, 1998
-536, -1719, 1845
-503, -1992, 1205
-470, -1993, 720
-413, -1985, 311
-507, -1802, 109
-589, -1532, 105
-460, -1463, 1
-193, -1683, -382
-98, -1551, -669
-154, -1270, -854
-343, -956, -944
-534, -617, -903
-663, -309, -955
-736, -39, -1004
-846, 242, -937
-1012, 638, -831
-1105, 978, -702
-1378, 1438, -143
-1697, 1953, 554
-1703, 1997, 919
-1400, 1997, 1259
-998, 1923, 1566
-718, 1436, 1982
-365, 880, 1998
-163, 187, 1998
26, -614, 1998
180, -1185, 1998
79, -1442, 1998
-163, -1323, 1998
-190, -1365, 1998
-106, -1467, 1772
-74, -1230, 1303
-189, -952, 1247
-283, -715, 1219
-266, -546, 1037
-138, -423, 711
-24, -362, 583
-10, -295, 571
-,-,-
-343, 882, 1467
-340, 1118, 1821
-246, 1235, 1996
-191, 955, 1998
-185, 424, 1998
-219, -38, 1998
-216, -691, 1998
-287, -1413, 1998
-442, -1951, 1998
-575, -1998, 1785
-543, -1998, 1024
-457, -1998, 523
-404, -1998, 172
-330, -1978, -35
-246, -1771, -272
-153, -1615, -790
-238, -1480, -1182
-569, -1271, -988
-959, -989, -382
-1111, -664, 12
-1002, -462, -265
-830, -321, -545
-748, -169, -612
-840, 48, -491
-1079, 454, 12
-1311, 1247, 740
-1429, 1910, 1293
-1249, 1997, 1543
-904, 1997, 1645
-583, 1997, 1850
-392, 1997, 1995
-254, 1719, 1998
-103, 984, 1998
56, 197, 1998
198, -402, 1998
313, -878, 1994
348, -1312, 1822
197, -1531, 1834
24, -1555, 1998
-30, -1628, 1954
-80, -1506, 1624
-67, -1197, 1363
-13, -1115, 1192
124, -1067, 939
-,-,-
-408, 1275, 1998
-117, 729, 1990
239, 123, 1998
460, -629, 1998
590, -1493, 1998
419, -1971, 1998
105, -1950, 1960
-107, -1954, 1442
-163, -1977, 762
-175, -1980, 429
-204, -1955, 169
-348, -1759, 104
-452, -1617, -170
-478, -1417, -430
-483, -1231, -646
-510, -928, -855
-618, -634, -678
-712, -426, -575
-752, -155, -506
-708, 32, -455
-664, 43, -644
-824, 308, -600
-1042, 809, -319
-1184, 1348, 31
-1275, 1710, 273
-1286, 1946, 642
-1179, 1939, 972
-1013, 1982, 1365
-854, 1841, 1741
-734, 1463, 1998
-541, 1063, 1998
-275, 587, 1998
-43, 39, 1998
72, -395, 1998
72, -395, 1998
122, -855, 1998
163, -1441, 1998
237, -1714, 1989
120, -1674, 1912
33, -1361, 1451
-,-,-
-522, 1056, 1987
-434, 489, 1998
-274, -488, 1998
-85, -1396, 1998
-32, -1840, 1998
-69, -1998, 1752
-76, -1998, 1301
-93, -1998, 927
-109, -1998, 669
-90, -1998, 443
-90, -1998, 443
-87, -1998, 294
-128, -1850, 168
-209, -1560, 9
-346, -1323, -118
-601, -965, -336
-936, -470, -471
-1297, 161, -653
-1562, 758, -882
-1554, 1011, -958
-1535, 1209, -740
-1480, 1395, -460
-1294, 1632, -104
-1133, 1915, 199
-844, 1807, 509
-619, 1554, 1019
-456, 1313, 1376
-240, 1244, 1572
-125, 1075, 1884
-107, 594, 1998
-118, 259, 1998
-80, 88, 1998
36, -242, 1998
185, -885, 1998
209, -1293, 1998
39, -1257, 1998
-72, -1130, 1948
16, -1234, 1543
280, -1402, 1047
351, -1275, 899
291, -955, 782
116, -573, 779
116, -573, 779
-12, -307, 760
-76, -169, 747
-63, -193, 707
-30, -178, 697
-9, -131, 761
27, -113, 802
27, -113, 802
71, -122, 839
102, -165, 883
117, -194, 936
104, -198, 976
-,-,-
-27, 268, 1396
8, 482, 1648
-38, 718, 1996
-76, 622, 1998
-128, 186, 1998
-128, 186, 1998
-400, -467, 1998
-554, -1218, 1998
-657, -1827, 1998
-686, -1998, 1346
-649, -1998, 378
-593, -1998, -128
-657, -1907, -319
-741, -1598, -527
-772, -1410, -779
-742, -1284, -1031
-771, -1176, -1096
-839, -951, -1057
-795, -685, -998
-700, -474, -1035
-592, -312, -1146
-654, -199, -1078
-896, 183, -762
-1194, 856, -155
-1404, 1558, 357
-1365, 1986, 812
-1258, 1997, 1145
-1127, 1997, 1573
-906, 1959, 1867
-571, 1594, 1986
-301, 1188, 1998
-100, 906, 1998
-26, 671, 1998
12, 136, 1998
-42, -387, 1998
-100, -719, 1998
42, -1107, 1945
360, -1586, 1567
506, -1748, 1335
401, -1549, 1152
289, -1342, 1079
216, -1242, 1008
150, -1175, 914
101, -970, 845
101, -970, 845
65, -752, 746
39, -530, 667
40, -378, 642
72, -304, 630
114, -308, 629
114, -308, 629
114, -272, 712
128, -229, 805
137, -207, 878
111, -167, 991
-,-,-
31, 744, 1583
15, 767, 1977
15, 767, 1977
24, 599, 1998
44, 207, 1998
-103, -263, 1998
-224, -755, 1998
-248, -1201, 1998
-264, -1586, 1966
-261, -1886, 1489
-211, -1998, 824
-142, -1998, 365
-113, -1998, 51
-108, -1998, -146
-154, -1894, -254
-208, -1696, -314
-277, -1483, -514
-392, -1230, -647
-595, -940, -577
-827, -556, -456
-910, -375, -420
-770, -288, -448
-611, -133, -582
-650, 128, -638
-834, 631, -455
-946, 1199, -219
-1143, 1611, 185
-1326, 1833, 834
-1339, 1963, 1392
-1225, 1997, 1493
-1047, 1918, 1693
-772, 1511, 1917
-499, 1066, 1998
-303, 674, 1998
-80, -50, 1998
187, -976, 1998
206, -1425, 1998
177, -1496, 1998
161, -1457, 1930
251, -1555, 1492
267, -1553, 1227
244, -1350, 1168
165, -1080, 913
103, -827, 752
57, -650, 677
57, -650, 677
-13, -543, 767
-62, -453, 823
-67, -350, 757
-24, -248, 671
11, -181, 651
42, -164, 700
42, -164, 700
79, -185, 749
86, -206, 825
-,-,-
-226, 638, 1932
-155, 352, 1998
-177, 161, 1998
-200, -173, 1998
-267, -555, 1998
-377, -1064, 1998
-497, -1672, 1998
-482, -1995, 1955
-297, -1998, 1495
-210, -1998, 1001
-232, -1998, 502
-412, -1998, 188
-583, -1774, 55
-712, -1531, -252
-829, -1295, -508
-950, -821, -605
-1001, -390, -564
-904, -280, -637
-712, -318, -639
-648, -233, -467
-764, 128, -247
-885, 665, -250
-914, 1334, -280
-899, 1938, -104
-901, 1997, 369
-998, 1997, 1012
-901, 1997, 1081
-546, 1750, 1176
-223, 1214, 1498
-109, 908, 1951
-80, 687, 1998
71, 229, 1998
71, 229, 1998
201, -615, 1990
93, -862, 1998
-69, -934, 1998
-69, -1039, 1998
136, -1339, 1899
299, -1851, 1480
249, -1523, 1389
102, -1189, 1245
-32, -899, 1210
-92, -817, 1101
-69, -687, 950
-2, -572, 777
26, -442, 695
26, -442, 695
66, -341, 673
112, -270, 673
149, -257, 661
144, -264, 734
117, -242, 859
110, -204, 912
110, -204, 912
110, -144, 940
148, -133, 905
166, -154, 925
166, -173, 966
-,-,-
72, 462, 1574
158, 484, 1688
205, 356, 1973
96, 262, 1998
14, 34, 1998
-32, -432, 1998
-163, -1051, 1998
-224, -1754, 1998
-217, -1998, 1915
-195, -1998, 1304
-155, -1998, 767
-187, -1998, 420
-260, -1996, 295
-372, -1862, 276
-466, -1590, 209
-502, -1261, 2
-552, -944, -341
-606, -626, -538
-653, -334, -604
-663, -124, -671
-610, -34, -710
-521, 29, -715
-521, 29, -715
-449, 90, -733
-481, 232, -709
-583, 447, -628
-654, 752, -481
-825, 1290, -40
-1032, 1824, 468
-1084, 1994, 866
-1064, 1994, 1187
-903, 1882, 1567
-671, 1634, 1888
-430, 1317, 1998
-162, 756, 1998
105, -38, 1998
370, -845, 1998
514, -1222, 1998
477, -1299, 1998
532, -1460, 1998
508, -1607, 1966
339, -1510, 1743
116, -1107, 1558
-6, -824, 1278
-15, -668, 996
-15, -668, 996
56, -640, 735
98, -592, 682
106, -460, 688
-,-,-
-33, 814, 1303
84, 724, 1898
71, 401, 1998
71, 401, 1998
82, 83, 1998
100, -160, 1998
83, -547, 1998
34, -942, 1998
-130, -1132, 1998
-299, -1252, 1995
-379, -1371, 1764
-383, -1576, 1483
-303, -1761, 1188
-198, -1906, 931
-137, -1954, 672
-130, -1893, 470
-126, -1815, 349
-195, -1705, 253
-318, -1470, 128
-431, -1193, -26
-539, -853, -241
-642, -424, -471
-765, -14, -623
-854, 337, -637
-929, 509, -673
-1055, 567, -634
-1127, 847, -536
-1125, 1267, -582
-1138, 1795, -471
-1235, 1997, -21
-1208, 1997, 479
-1010, 1879, 911
-810, 1387, 1451
-599, 817, 1957
-269, 237, 1998
106, -363, 1998
321, -887, 1998
405, -1031, 1998
291, -855, 1998
291, -855, 1998
177, -908, 1998
138, -1315, 1998
184, -1866, 1998
198, -1494, 1335
338, -917, 756
336, -616, 622
333, -548, 501
230, -528, 709
136, -423, 790
72, -393, 752
65, -302, 693
65, -302, 693
42, -228, 731
-2, -165, 825
-33, -85, 867
-14, -46, 849
35, -67, 885
35, -67, 885
-,-,-
-196, 703, 1992
-248, 479, 1998
-49, 174, 1998
-49, 174, 1998
181, -103, 1998
103, -622, 1998
-37, -1023, 1991
-177, -1250, 1744
-238, -1507, 1371
-208, -1879, 1047
-190, -1981, 785
-230, -1997, 745
-257, -1884, 637
-262, -1835, 478
-276, -1765, 389
-391, -1543, 310
-530, -1204, 128
-703, -788, -210
-775, -368, -616
-777, -30, -962
-787, 184, -1085
-792, 406, -920
-830, 612, -689
-822, 679, -663
-888, 1006, -446
-854, 1285, -188
-779, 1479, 145
-736, 1595, 505
-755, 1595, 829
-779, 1800, 1345
-611, 1735, 1834
-365, 1444, 1998
-188, 1016, 1998
-130, 715, 1998
21, 258, 1998
252, -529, 1998
252, -529, 1998
321, -1093, 1998
152, -1137, 1998
10, -1072, 1998
72, -1185, 1923
95, -1357, 1599
1, -1233, 1424
-132, -938, 1339
-203, -691, 1182
-174, -496, 880
-135, -333, 727
-84, -280, 728
-27, -269, 688
-,-,-
22, 694, 1459
53, 803, 1832
100, 825, 1994
68, 704, 1998
68, 704, 1998
49, 482, 1998
169, 85, 1998
237, -439, 1998
108, -843, 1998
-71, -1175, 1998
-214, -1616, 1992
-310, -1860, 1779
-289, -1989, 1347
-231, -1994, 969
-193, -1864, 570
-205, -1597, 322
-258, -1393, 200
-353, -1246, -17
-464, -1098, -322
-627, -897, -488
-775, -656, -417
-858, -494, -137
-833, -360, -61
-655, -169, -203
-484, -26, -443
-494, 149, -613
-646, 646, -539
-741, 1225, -362
-942, 1800, 118
-1142, 1997, 604
-985, 1997, 888
-678, 1997, 1006
-678, 1997, 1259
-402, 1926, 1259
-214, 1654, 1620
-42, 1383, 1838
74, 917, 1933
64, 228, 1998
-37, -329, 1998
6, -610, 1998
331, -1087, 1998
507, -1405, 1961
290, -1231, 1990
64, -1090, 1977
-1, -1076, 1801
39, -1039, 1466
154, -938, 1023
172, -748, 732
172, -748, 732
168, -540, 552
47, -418, 674
-,-,-
62, 645, 1461
62, 645, 1461
4, 675, 1764
-80, 599, 1986
-75, 486, 1998
7, 199, 1998
7, 199, 1998
31, -150, 1998
92, -509, 1998
121, -748, 1998
64, -916, 1997
-58, -1159, 1998
-157, -1475, 1998
-271, -1686, 1922
-248, -1954, 1688
-205, -1998, 1312
-157, -1997, 893
-203, -1818, 501
-288, -1569, 81
-432, -1330, -109
-687, -1056, -295
-1017, -657, -338
-1213, -314, -325
-1128, -325, -753
-931, -255, -1118
-832, -154, -1158
-877, 139, -1010
-1038, 612, -743
-1149, 1194, -515
-1165, 1725, -94
-1294, 1994, 409
-1405, 1997, 951
-1349, 1997, 1608
-935, 1997, 1962
-491, 1694, 1998
-6, 676, 1998
337, -17, 1998
562, -536, 1998
688, -1268, 1998
719, -1610, 1998
598, -1569, 1998
315, -1300, 1998
116, -998, 1769
89, -875, 1292
142, -784, 960
134, -648, 913
133, -561, 874
133, -561, 874
127, -465, 758
119, -350, 705
105, -264, 774
89, -155, 811
73, -93, 881
64, -76, 933
64, -76, 933
90, -81, 957
108, -66, 971
129, -69, 990
-,-,-
-165, 808, 1392
-151, 902, 1712
-147, 887, 1982
-93, 535, 1998
-42, 78, 1998
144, -393, 1998
229, -878, 1998
105, -1192, 1994
78, -1504, 1829
-23, -1492, 1734
-230, -1766, 1448
-183, -1827, 1567
-195, -1860, 1230
-190, -1657, 645
-164, -1410, 60
-118, -1198, -167
-23, -1301, -226
-25, -1222, -212
-121, -1128, -262
-243, -979, -363
-385, -725, -534
-478, -510, -748
-558, -407, -746
-670, -265, -561
-823, 0, -330
-1007, 313, -326
-1115, 648, -481
-1115, 648, -481
-1189, 1141, -376
-1615, 1992, 752
-1360, 1979, 728
-897, 1717, 943
-897, 1717, 943
-473, 1455, 1531
-321, 1325, 1975
-142, 1085, 1998
410, 412, 1998
712, -152, 1998
759, -410, 1998
757, -799, 1998
725, -1303, 1998
598, -1461, 1998
315, -1298, 1827
77, -1067, 1603
-36, -956, 1419
-58, -856, 1245
-25, -817, 1019
-,-,-
-38, 443, 918
-88, 609, 1154
-101, 725, 1554
-56, 735, 1939
-64, 697, 1998
-65, 475, 1998
78, 5, 1998
78, 5, 1998
247, -468, 1998
260, -954, 1998
191, -1414, 1998
171, -1802, 1965
117, -1997, 1619
60, -1998, 1249
-30, -1997, 986
-93, -1998, 823
-250, -1946, 707
-362, -1776, 547
-415, -1560, 329
-432, -1343, 26
-435, -1023, -354
-523, -714, -640
-640, -371, -864
-763, -156, -840
-807, 88, -712
-685, 189, -825
-710, 457, -833
-871, 639, -547
-871, 639, -547
-1037, 867, 170
-1131, 1415, 652
-1016, 1572, 633
-871, 1614, 793
-844, 1520, 1303
-700, 1606, 1712
-426, 1389, 1866
-105, 979, 1998
167, 694, 1998
331, 282, 1998
447, -259, 1998
404, -759, 1998
291, -991, 1998
220, -1094, 1998
252, -1347, 1998
285, -1420, 1923
271, -1355, 1557
248, -1148, 1158
151, -915, 1053
74, -762, 915
74, -762, 915
44, -618, 772
35, -456, 707
55, -410, 591
65, -261, 548
82, -155, 526
82, -155, 526
109, -106, 579
145, -120, 617
165, -94, 691
188, -49, 783
-,-,-
246, -436, 1998
202, -956, 1990
0, -1164, 1998
-240, -1329, 1998
-324, -1578, 1998
-266, -1819, 1863
-268, -1994, 1495
-292, -1990, 1155
-352, -1813, 813
-389, -1580, 404
-396, -1231, 27
-447, -895, -213
-459, -610, -405
-436, -641, -642
-453, -615, -834
-488, -462, -859
-533, -303, -856
-553, -241, -765
-605, -144, -712
-692, -16, -734
-744, 145, -878
-814, 258, -855
-936, 463, -568
-1116, 955, -83
-1297, 1430, 399
-1406, 1748, 832
-1444, 1916, 1671
-1265, 1898, 1998
-908, 1423, 1998
-481, 863, 1998
46, 315, 1998
340, -135, 1998
495, -612, 1998
647, -1122, 1998
584, -1509, 1998
441, -1594, 1998
340, -1445, 1853
292, -1357, 1428
214, -1333, 1149
92, -1145, 1082
92, -1145, 1082
10, -895, 906
-60, -629, 834
-65, -467, 669
-,-,-
-169, 948, 1921
-99, 894, 1998
-99, 894, 1998
-80, 753, 1998
-76, 482, 1998
-30, 14, 1998
37, -530, 1998
-21, -910, 1998
-132, -1124, 1998
-230, -1269, 1998
-253, -1416, 1871
-236, -1556, 1628
-214, -1658, 1379
-221, -1770, 1158
-303, -1718, 954
-417, -1597, 624
-506, -1378, 158
-499, -1132, -174
-534, -1060, -421
-537, -931, -557
-516, -859, -706
-459, -743, -887
-509, -575, -889
-556, -349, -845
-671, -76, -786
-843, 385, -859
-1189, 1103, -645
-1625, 1884, 76
-1676, 1997, 531
-1618, 1997, 950
-1563, 1997, 1545
-1257, 1996, 1977
-753, 1581, 1998
-310, 706, 1998
-64, -48, 1996
36, -648, 1998
-3, -962, 1998
12, -1238, 1998
58, -1525, 1998
58, -1525, 1998
69, -1632, 1998
15, -1478, 1860
-57, -1105, 1418
-70, -852, 1169
-51, -705, 1012
-43, -648, 974
-,-,-
22, 435, 1621
104, 200, 1661
174, 16, 1929
165, -35, 1998
134, -273, 1998
105, -705, 1998
71, -1010, 1998
71, -1010, 1998
41, -1178, 1998
65, -1296, 1982
114, -1425, 1880
119, -1648, 1830
64, -1826, 1806
5, -1979, 1676
-83, -1960, 1366
-100, -1974, 860
-216, -1935, 369
-464, -1570, -39
-767, -1064, -419
-1094, -673, -872
-1511, -57, -1106
-1639, 371, -1345
-1438, 399, -1342
-1097, 212, -1209
-868, 234, -856
-799, 394, -604
-909, 732, 3
-807, 974, 630
-627, 967, 987
-582, 1026, 1355
-582, 1172, 1664
-409, 1248, 1901
-104, 1048, 1961
73, 778, 1995
110, 701, 1998
110, 701, 1998
246, 521, 1998
400, 170, 1998
383, -144, 1998
288, -573, 1998
326, -913, 1998
380, -1092, 1984
434, -1234, 1572
429, -1259, 1198
397, -1296, 1008
356, -1210, 985
198, -1053, 1167
69, -952, 1127
21, -856, 887
30, -733, 672
-,-,-
-12, 1066, 1606
-94, 1084, 1911
-148, 777, 1998
-126, 412, 1998
-88, 30, 1998
-134, -417, 1998
-111, -843, 1998
-15, -1259, 1967
68, -1597, 1722
87, -1865, 1503
94, -1960, 1222
92, -1995, 1021
25, -1971, 851
-92, -1785, 727
-92, -1785, 727
-128, -1558, 550
-98, -1461, 214
-124, -1213, -127
-291, -850, -378
-518, -506, -559
-786, -149, -598
-963, 20, -617
-963, 24, -642
-929, 157, -642
-921, 394, -621
-901, 683, -600
-831, 898, -350
-964, 1134, 333
-1035, 1527, 834
-767, 1897, 571
-424, 1747, 714
-303, 1436, 1457
-156, 1295, 1990
17, 1059, 1998
267, 560, 1998
267, 560, 1998
348, 50, 1998
280, -237, 1998
271, -525, 1998
323, -1128, 1998
324, -1658, 1998
55, -1553, 1998
-,-,-
86, 773, 1511
88, 830, 1699
25, 770, 1949
-35, 615, 1998
-30, 258, 1998
-30, 258, 1998
-42, -22, 1998
-48, -408, 1998
19, -855, 1998
67, -1173, 1998
38, -1462, 1998
-28, -1821, 1951
-199, -1975, 1686
-298, -1959, 1343
-308, -1915, 803
-284, -1734, 328
-290, -1542, 91
-346, -1326, -38
-485, -1061, -43
-598, -845, -152
-630, -556, -318
-633, -272, -394
-630, -34, -574
-614, 210, -647
-615, 339, -615
-604, 417, -567
-701, 678, -260
-893, 1189, 226
-893, 1189, 226
-1005, 1790, 677
-817, 1997, 589
-492, 1958, 464
-306, 1757, 727
-139, 1751, 1281
30, 1535, 1482
208, 1121, 1783
365, 526, 1998
401, 26, 1998
-,-,-
192, -63, 1998
39, 35, 1934
-126, -15, 1998
-264, -210, 1998
-325, -501, 1998
-328, -902, 1998
-313, -1167, 1998
-285, -1420, 1804
-231, -1666, 1445
-123, -1841, 1157
-7, -1850, 878
48, -1765, 585
96, -1596, 371
93, -1444, 182
35, -1225, -45
35, -1225, -45
-131, -865, -140
-367, -587, -266
-561, -303, -319
-672, -133, -372
-717, 14, -518
-737, 156, -641
-722, 346, -769
-737, 592, -784
-869, 887, -644
-1146, 1355, -283
-1348, 1880, 207
-1246, 1997, 510
-952, 1842, 752
-678, 1472, 1125
-338, 1276, 1452
-48, 1003, 1756
112, 556, 1998
245, 44, 1998
245, 44, 1998
399, -382, 1998
493, -776, 1998
380, -1036, 1998
121, -1009, 1998
-87, -975, 1998
-144, -1034, 1998
-63, -890, 1873
35, -818, 1406
103, -688, 1148
136, -522, 1034
149, -460, 936
139, -384, 899
143, -290, 793
143, -290, 793
119, -182, 768
81, -109, 797
34, -21, 880
0, -10, 970
-8, 0, 1011
-,-,-
-205, 895, 1936
-226, 683, 1941
-125, 51, 1998
52, -300, 1998
60, -717, 1998
-11, -1233, 1998
-9, -1685, 1998
-56, -1968, 1898
-92, -1972, 1375
-49, -1785, 911
-22, -1566, 739
-28, -1451, 726
-28, -1451, 726
-43, -1380, 699
-38, -1241, 538
-41, -948, 348
-37, -654, 149
-124, -426, 133
-274, -328, 58
-441, -237, -27
-492, -122, -222
-418, 18, -461
-309, 135, -594
-265, 93, -786
-265, 93, -786
-338, 172, -731
-446, 348, -563
-528, 517, -440
-598, 689, -423
-603, 812, -317
-633, 974, -25
-778, 1152, 379
-767, 1355, 770
-622, 1349, 1071
-507, 1060, 1285
-388, 904, 1745
-218, 718, 1998
-6, 536, 1998
254, 170, 1998
254, 170, 1998
420, -240, 1998
443, -521, 1998
262, -646, 1998
133, -741, 1998
120, -858, 1998
166, -990, 1966
117, -1065, 1759
148, -1075, 1289
158, -977, 987
151, -847, 859
95, -652, 815
95, -652, 815
-4, -478, 845
-61, -370, 811
-,-,-
28, 611, 867
36, 804, 1329
-46, 961, 1916
-15, 811, 1998
36, 516, 1998
16, 264, 1998
16, 264, 1998
0, -1, 1998
-2, -292, 1998
53, -592, 1998
64, -861, 1998
-49, -1122, 1996
-244, -1369, 1848
-378, -1552, 1556
-479, -1613, 1282
-420, -1649, 856
-275, -1613, 358
-124, -1433, -60
-37, -1189, -322
-91, -982, -351
-188, -885, -371
-315, -840, -375
-415, -686, -363
-530, -531, -348
-631, -401, -306
-687, -89, -280
-648, 164, -409
-577, 331, -634
-577, 331, -634
-547, 492, -596
-658, 885, -154
-718, 1454, 462
-633, 1662, 691
-539, 1568, 738
-462, 1575, 1016
-409, 1661, 1510
-346, 1589, 1781
-310, 1335, 1950
-215, 1052, 1998
-157, 727, 1998
-178, 559, 1998
-103, 96, 1998
-29, -370, 1998
-78, -672, 1998
-99, -986, 1998
-37, -1282, 1998
-136, -1212, 1992
-240, -1082, 1724
-153, -978, 1423
-77, -812, 1156
-,-,-
-72, -443, 1982
-45, -494, 1998
-97, -613, 1998
-170, -809, 1998
-269, -935, 1998
-369, -885, 1998
-520, -983, 1950
-559, -1224, 1732
-503, -1451, 1385
-534, -1593, 1000
-514, -1617, 564
-473, -1484, 111
-345, -1296, -197
-176, -1221, -348
-94, -1179, -486
-143, -1006, -627
-227, -685, -581
-330, -425, -460
-396, -167, -377
-462, 91, -431
-544, 300, -552
-625, 541, -601
-714, 837, -337
-741, 1181, 39
-650, 1340, 192
-497, 1365, 129
-405, 1345, 376
-405, 1345, 376
-474, 1465, 908
-435, 1542, 1326
-190, 1436, 1302
-3, 1137, 1459
211, 710, 1562
305, 319, 1886
279, 126, 1998
143, 8, 1998
124, -354, 1998
146, -767, 1998
146, -767, 1998
11, -1066, 1998
-150, -1088, 1998
-191, -937, 1998
-179, -773, 1982
-145, -745, 1757
-114, -779, 1574
-26, -744, 1333
24, -582, 1162
40, -420, 1060
115, -471, 855
173, -532, 743
150, -440, 762
100, -324, 860
58, -265, 875
58, -265, 875
59, -254, 766
56, -199, 766
21, -147, 886
-,-,-
-281, 1007, 1987
-379, 719, 1942
-419, 220, 1998
-403, -67, 1998
-376, -147, 1998
-382, -350, 1998
-524, -800, 1998
-562, -1400, 1998
-507, -1773, 1920
-442, -1894, 1428
-375, -1846, 834
-381, -1679, 389
-400, -1466, 74
-396, -1247, -240
-314, -1103, -381
-276, -988, -532
-358, -780, -408
-445, -537, -288
-465, -342, -330
-444, -221, -433
-459, -131, -475
-494, 43, -455
-573, 378, -360
-602, 671, -241
-668, 916, 34
-678, 1269, 411
-608, 1548, 712
-471, 1752, 843
-350, 1798, 1128
-104, 1540, 1262
58, 1289, 1307
78, 1142, 1583
78, 1142, 1583
158, 979, 1852
251, 616, 1975
277, 236, 1998
258, -113, 1998
169, -592, 1998
87, -1004, 1998
20, -1127, 1998
-7, -1086, 1998
-26, -1014, 1852
18, -933, 1480
40, -937, 1217
40, -937, 1217
89, -868, 1044
60, -668, 1010
38, -500, 1002
47, -363, 913
74, -322, 801
89, -264, 791
89, -264, 791
51, -228, 877
-,-,-
-141, 480, 1972
-44, 307, 1998
-67, -159, 1998
-144, -953, 1998
-293, -1553, 1869
-539, -1680, 1998
-784, -1848, 1970
-650, -1992, 1293
-457, -1944, 634
-295, -1771, 208
-159, -1580, -23
-117, -1481, -96
-84, -1427, -273
-91, -1184, -492
-183, -965, -639
-351, -657, -539
-506, -470, -460
-582, -346, -482
-583, -126, -493
-557, 62, -450
-563, 182, -501
-617, 387, -649
-612, 630, -609
-612, 630, -609
-717, 899, -292
-952, 1332, 284
-935, 1754, 636
-887, 1944, 826
-793, 1966, 1151
-623, 1833, 1553
-475, 1654, 1855
-371, 1432, 1998
-174, 1006, 1998
-117, 538, 1998
-92, 187, 1998
21, -404, 1998
123, -965, 1998
145, -1342, 1998
131, -1575, 1998
115, -1706, 1910
47, -1566, 1715
